000 000 9.909409261941907
000 001 9.915524951891086
000 002 9.917547338735973
000 003 9.916802952854061
000 004 9.924869163452477
000 005 9.894548782990631
000 006 9.87027792136162
000 007 9.821564550890118
000 008 9.765650268932228
000 009 9.729511725226537
000 010 9.691640023343158
000 011 9.68243333052855
000 012 9.688640144730943
000 013 9.681377098693133
000 014 9.681881228129335
000 015 9.660860391807025
000 016 9.651743523097323
000 017 9.643285047208888
000 018 9.626416807345304
000 019 9.621694519114044
000 020 9.601457445400282
000 021 9.597444009004688
000 022 9.599052034234495
000 023 9.592451397472626
000 024 9.604707550450899
000 025 9.585498082857397
000 026 9.576126325264974
000 027 9.563464655966044
000 028 9.546457569043067
000 029 9.54413389572221
000 030 9.519157321463744
000 031 9.502721515374592
000 032 9.486946963704622
000 033 9.468501312565675
000 034 9.462477830447831
000 035 9.44246325486253
000 036 9.430806488838316
000 037 9.415759703939216
000 038 9.387471864592053
000 039 9.370009367576175
000 040 9.335296120094924
000 041 9.310083876642512
000 042 9.286573876249092
000 043 9.260686289779414
000 044 9.251293309609878
000 045 9.234324777502122
000 046 9.230752345412636
000 047 9.233290570867961
000 048 9.231936967318982
000 049 9.245199570805642
000 050 9.250604819696864
000 051 9.27062771000802
000 052 9.282391607372926
000 053 9.281756555621929
000 054 9.285501418534677
000 055 9.263988204649376
000 056 9.241928537225128
000 057 9.212314960852044
000 058 9.179355180177971
000 059 9.157411529122216
000 060 9.13250995840916
000 061 9.128347755509179
000 062 9.13135100560483
000 063 9.105975511334675
000 064 9.085126267713889
000 065 9.045536334817381
000 066 9.026944709237378
000 067 9.022282873120552
000 068 9.022026772022727
000 069 9.039216116217375
000 070 9.01663200078038
000 071 9.006706896554814
000 072 8.994734852507282
001 000 9.805922352023744
001 001 9.811746783854588
001 002 9.819206499012893
001 003 9.813249540590204
001 004 9.819195656639149
001 005 9.78095620711106
001 006 9.753276265865887
001 007 9.718762716059604
001 008 9.66693908648136
001 009 9.658532184379737
001 010 9.62744191960163
001 011 9.607827473144539
001 012 9.615360279827541
001 013 9.622379759882188
001 014 9.630837044748853
001 015 9.606935636759095
001 016 9.595819470571598
001 017 9.580425876652228
001 018 9.558818968774354
001 019 9.547713766447943
001 020 9.533370715180604
001 021 9.522522397163367
001 022 9.513479506355658
001 023 9.500296767598307
001 024 9.504092679269274
001 025 9.487799996859735
001 026 9.488474651255954
001 027 9.479152222530747
001 028 9.460860585838203
001 029 9.46966354701145
001 030 9.469189946813977
001 031 9.458963327054716
001 032 9.45351872581793
001 033 9.447093768646667
001 034 9.448574556737846
001 035 9.432181263129918
001 036 9.431564778639451
001 037 9.42396174242618
001 038 9.40031853338489
001 039 9.39505980418833
001 040 9.37551421859154
001 041 9.357678133155986
001 042 9.34409384818109
001 043 9.324673659107773
001 044 9.31666434403297
001 045 9.294062407117643
001 046 9.285936298000948
001 047 9.282320747653
001 048 9.280626882354232
001 049 9.294377305691945
001 050 9.297549844736087
001 051 9.305126227781173
001 052 9.322377999143171
001 053 9.321854224266678
001 054 9.323965719662398
001 055 9.289440795724298
001 056 9.260949679769132
001 057 9.231794017831097
001 058 9.19984400893898
001 059 9.193863651824204
001 060 9.159450169992763
001 061 9.146519248849787
001 062 9.123074008939607
001 063 9.099406769752681
001 064 9.084512618610631
001 065 9.04577461209453
001 066 9.030045421338171
001 067 9.019701139029628
001 068 9.023152277405424
001 069 9.037245885522987
001 070 9.033862441007058
001 071 9.030847368296548
001 072 9.024778434975293
002 000 9.710618078859572
002 001 9.730011686799205
002 002 9.740943153610763
002 003 9.725496942893914
002 004 9.720646393347803
002 005 9.695056607431443
002 006 9.66389661258344
002 007 9.644956552053575
002 008 9.629069426099843
002 009 9.61660461987923
002 010 9.589929175800439
002 011 9.600908429565209
002 012 9.608347211309397
002 013 9.606496916450299
002 014 9.619840186850842
002 015 9.59541579860346
002 016 9.581332578786204
002 017 9.56790560599219
002 018 9.55329453108908
002 019 9.536725568695797
002 020 9.510685771439437
002 021 9.500512414684412
002 022 9.482801482232892
002 023 9.4578376512594
002 024 9.448606396989469
002 025 9.435181351600864
002 026 9.429752578507944
002 027 9.432160690590559
002 028 9.440415290093258
002 029 9.448056206359844
002 030 9.45063703509262
002 031 9.470118550051485
002 032 9.472438242705374
002 033 9.464091698988426
002 034 9.48511037278565
002 035 9.478035802262749
002 036 9.475292523776815
002 037 9.469733957837539
002 038 9.456041893117753
002 039 9.452122741423082
002 040 9.43394223473675
002 041 9.422598522876193
002 042 9.404876929345138
002 043 9.384509030249244
002 044 9.371228558100615
002 045 9.345482898623798
002 046 9.335158138296068
002 047 9.33103397523832
002 048 9.328984016597527
002 049 9.338996159131762
002 050 9.335289660706309
002 051 9.339288444550945
002 052 9.34856008367959
002 053 9.339801567632703
002 054 9.347450801419111
002 055 9.313185812312286
002 056 9.28220890934529
002 057 9.241285062767304
002 058 9.200362350238814
002 059 9.184563340214293
002 060 9.158807056401058
002 061 9.154228857962115
002 062 9.140329784266095
002 063 9.109947977308321
002 064 9.077008795401472
002 065 9.042568903163385
002 066 9.026184738525792
002 067 9.022154318121025
002 068 9.03427302686663
002 069 9.054933915679525
002 070 9.053569236568416
002 071 9.061187172144225
002 072 9.06491280397368
003 000 9.653666112672187
003 001 9.661706904666769
003 002 9.67342845680132
003 003 9.670080121790324
003 004 9.662147834843045
003 005 9.634826763322089
003 006 9.634521765355611
003 007 9.623446012722166
003 008 9.600570021697525
003 009 9.618589866030756
003 010 9.616849788198131
003 011 9.616502207376278
003 012 9.618060856730997
003 013 9.618034655122045
003 014 9.630438975936242
003 015 9.607090903458449
003 016 9.608632030393759
003 017 9.598774432760555
003 018 9.579735476376733
003 019 9.573999343764639
003 020 9.539239458922273
003 021 9.512986567599642
003 022 9.487171450695193
003 023 9.463577200408679
003 024 9.451739169781645
003 025 9.433667168781346
003 026 9.440915864148225
003 027 9.450774717221119
003 028 9.452457191817347
003 029 9.481373990566516
003 030 9.501492065824545
003 031 9.518926007692164
003 032 9.532385499852325
003 033 9.539504527601933
003 034 9.557479062886282
003 035 9.549922624439176
003 036 9.546838483091996
003 037 9.538053230644891
003 038 9.526062386001911
003 039 9.526104728181581
003 040 9.506968919060366
003 041 9.494881490947408
003 042 9.469651267404354
003 043 9.435554879909896
003 044 9.418618397472475
003 045 9.389295680860991
003 046 9.368527911064183
003 047 9.355732233755468
003 048 9.34908379683367
003 049 9.36027201254681
003 050 9.36520740311701
003 051 9.366234981340638
003 052 9.371194377790003
003 053 9.353305680516904
003 054 9.351647704921248
003 055 9.312691927449226
003 056 9.283407346455455
003 057 9.245962493150447
003 058 9.204254585281681
003 059 9.188540249659761
003 060 9.152495638212137
003 061 9.151604746211646
003 062 9.139973144987831
003 063 9.123970649813606
003 064 9.096268424752976
003 065 9.056244650232305
003 066 9.040248840622093
003 067 9.037434916618178
003 068 9.05159854539645
003 069 9.083887018800748
003 070 9.084019775522195
003 071 9.09601482466089
003 072 9.101032674736636
004 000 9.628652153152375
004 001 9.642612257905743
004 002 9.651917698963999
004 003 9.646694569371048
004 004 9.654215242910448
004 005 9.639250111464944
004 006 9.634450022207037
004 007 9.634626266877156
004 008 9.642663977977254
004 009 9.654318125497486
004 010 9.642958243381779
004 011 9.644279475861502
004 012 9.642335156499968
004 013 9.634754864693663
004 014 9.644335440401246
004 015 9.635093879807712
004 016 9.637519782703128
004 017 9.63617107074461
004 018 9.632600820701905
004 019 9.62409136894621
004 020 9.587088741320597
004 021 9.56424790384165
004 022 9.52548708605186
004 023 9.494156618125125
004 024 9.483160462447923
004 025 9.473487082674966
004 026 9.475690203386492
004 027 9.496151846404338
004 028 9.527406426528641
004 029 9.553395785462799
004 030 9.569808587847067
004 031 9.604248122729476
004 032 9.62400760494865
004 033 9.628644495296758
004 034 9.643879826725788
004 035 9.630983607880882
004 036 9.629250049238152
004 037 9.619372096773667
004 038 9.599696425629284
004 039 9.601308650517364
004 040 9.582435708398055
004 041 9.555236086117269
004 042 9.524593139053003
004 043 9.489724127498112
004 044 9.459735405905548
004 045 9.425069418417133
004 046 9.399418659582185
004 047 9.379833124585664
004 048 9.364828071725968
004 049 9.37340108861419
004 050 9.378208963845585
004 051 9.379158551497406
004 052 9.381988731286416
004 053 9.363325837173557
004 054 9.365057145453953
004 055 9.318726378921202
004 056 9.285383816579687
004 057 9.245019007334399
004 058 9.209459278818262
004 059 9.193122794094558
004 060 9.157738849025685
004 061 9.15471462407416
004 062 9.140217534608468
004 063 9.12987230305549
004 064 9.120797700116366
004 065 9.104359891622622
004 066 9.089664416316939
004 067 9.083686459693713
004 068 9.087159206080779
004 069 9.118132116002876
004 070 9.116690552115932
004 071 9.13113836818052
004 072 9.13191708783452
005 000 9.650006364749178
005 001 9.663087732790636
005 002 9.67388886135565
005 003 9.672638615947093
005 004 9.679382563605259
005 005 9.663787070801593
005 006 9.671309078736375
005 007 9.67996372914548
005 008 9.686311352573174
005 009 9.705077446363376
005 010 9.689429594930308
005 011 9.68124706060122
005 012 9.6752368832888
005 013 9.658231720963634
005 014 9.66661021050257
005 015 9.653236680760537
005 016 9.67286202650541
005 017 9.675104204766
005 018 9.664455730525889
005 019 9.66516027155406
005 020 9.64134045473767
005 021 9.616927888355901
005 022 9.57128341182987
005 023 9.548386354134047
005 024 9.527586581188999
005 025 9.51177257129903
005 026 9.534449412164614
005 027 9.564688872832312
005 028 9.59093030775446
005 029 9.632886126654498
005 030 9.657177553772973
005 031 9.688678341859077
005 032 9.707133655079737
005 033 9.708994310487435
005 034 9.719220327376378
005 035 9.70488091561827
005 036 9.702576323035792
005 037 9.692829106171414
005 038 9.675713971249378
005 039 9.663907959103211
005 040 9.629819210003706
005 041 9.604779516234812
005 042 9.570078446632085
005 043 9.53205429284178
005 044 9.502171745187756
005 045 9.466335247601583
005 046 9.43241396916379
005 047 9.410118284998314
005 048 9.3922878498904
005 049 9.400240247471457
005 050 9.393243601564071
005 051 9.39485686868389
005 052 9.393545356033671
005 053 9.365723534573865
005 054 9.376347904538658
005 055 9.32941311635664
005 056 9.309516533361805
005 057 9.252503586196285
005 058 9.213574194244064
005 059 9.200097740544756
005 060 9.185476240532985
005 061 9.186013249977714
005 062 9.17067405764343
005 063 9.160852821570188
005 064 9.152071110663112
005 065 9.14787608492633
005 066 9.15061869484559
005 067 9.149567358249346
005 068 9.14655880311733
005 069 9.157480919842088
005 070 9.149734151450193
005 071 9.156299919710618
005 072 9.154077664069652
006 000 9.677326958262151
006 001 9.69188652721403
006 002 9.707099354589808
006 003 9.704838181705304
006 004 9.707741520549424
006 005 9.69790981822088
006 006 9.702517989784907
006 007 9.712442365495212
006 008 9.725352440857703
006 009 9.744538923400324
006 010 9.734673761808319
006 011 9.734020855043893
006 012 9.722803200143131
006 013 9.697483807488288
006 014 9.68771381717647
006 015 9.682989793398859
006 016 9.692072248271485
006 017 9.705325841100326
006 018 9.695172470490338
006 019 9.689390336159617
006 020 9.658509224355658
006 021 9.638362551884217
006 022 9.601870895152091
006 023 9.57683008206502
006 024 9.576161045354722
006 025 9.570853682152743
006 026 9.585425737791295
006 027 9.613416109233128
006 028 9.645687879925488
006 029 9.687302866130736
006 030 9.711140088949945
006 031 9.746130105861267
006 032 9.764491389411003
006 033 9.767014491624122
006 034 9.774188317374678
006 035 9.755110716842399
006 036 9.752935479206771
006 037 9.74250013802595
006 038 9.726320800526063
006 039 9.714381205919722
006 040 9.678619604649237
006 041 9.650193557877024
006 042 9.620139063826064
006 043 9.580804349119985
006 044 9.548349957778738
006 045 9.501457163311256
006 046 9.466673013980653
006 047 9.439646669262018
006 048 9.417564001031508
006 049 9.430980610298349
006 050 9.427845845093596
006 051 9.42962372500788
006 052 9.408308682388162
006 053 9.373785939330554
006 054 9.352831905970719
006 055 9.318064881804716
006 056 9.302703477357566
006 057 9.287497921522684
006 058 9.268940460593779
006 059 9.251863808327965
006 060 9.225431448654057
006 061 9.21262215526239
006 062 9.21257292769151
006 063 9.203739167579283
006 064 9.212041952696671
006 065 9.203079705639167
006 066 9.206486256723998
006 067 9.215123784355795
006 068 9.208230281789392
006 069 9.212095131278991
006 070 9.190766316660874
006 071 9.18135724930192
006 072 9.174754535972236
007 000 9.699483455432892
007 001 9.70984659307455
007 002 9.721304996971702
007 003 9.721293837957798
007 004 9.726983191183047
007 005 9.717987666876839
007 006 9.72812707957976
007 007 9.734630741337325
007 008 9.743869690061569
007 009 9.770853513257574
007 010 9.769643335255743
007 011 9.770584645611711
007 012 9.749929516293347
007 013 9.730846029435835
007 014 9.72578022392767
007 015 9.717236592921553
007 016 9.720274314659253
007 017 9.710003934439225
007 018 9.697458547448687
007 019 9.691385449223025
007 020 9.659892790474697
007 021 9.640798687243944
007 022 9.612488641136485
007 023 9.596922664767602
007 024 9.591482949556333
007 025 9.590110237453333
007 026 9.612410350911029
007 027 9.645574850665248
007 028 9.669670457398118
007 029 9.707233674300717
007 030 9.730226434635181
007 031 9.766785267747517
007 032 9.790086790603924
007 033 9.795819112964727
007 034 9.805794794770614
007 035 9.786975510566297
007 036 9.785429413428652
007 037 9.780955958788974
007 038 9.761062393849803
007 039 9.750243691132606
007 040 9.713667866948
007 041 9.688193611348762
007 042 9.65676173599629
007 043 9.61930977297746
007 044 9.590677476710567
007 045 9.55276450920383
007 046 9.523120228620922
007 047 9.49486917281814
007 048 9.46376308905481
007 049 9.449043479360968
007 050 9.420473134629134
007 051 9.414346913974251
007 052 9.419113675190873
007 053 9.39809428988302
007 054 9.388315664758867
007 055 9.337179808373097
007 056 9.315289259097208
007 057 9.294853183363186
007 058 9.29456961581059
007 059 9.313397009822584
007 060 9.297760716154013
007 061 9.28543126628302
007 062 9.262113456817083
007 063 9.249535871238661
007 064 9.261911486697265
007 065 9.261478152404996
007 066 9.271999294434554
007 067 9.265780351093502
007 068 9.257614164153964
007 069 9.257499869165068
007 070 9.243608856872973
007 071 9.234050568908799
007 072 9.220677049578475
008 000 9.719003371605458
008 001 9.720177793591768
008 002 9.721396472493561
008 003 9.720111621167487
008 004 9.733118536134864
008 005 9.721992554206452
008 006 9.727764421348374
008 007 9.740419247707676
008 008 9.755982766071662
008 009 9.78900519878677
008 010 9.787068068541414
008 011 9.787796152882049
008 012 9.776358019072903
008 013 9.756265485189678
008 014 9.748972778223349
008 015 9.724787161879165
008 016 9.719208383357483
008 017 9.719272583941704
008 018 9.70372024305408
008 019 9.694551743885741
008 020 9.649016603739138
008 021 9.622801513691131
008 022 9.609566531116979
008 023 9.608665013261215
008 024 9.623239977103248
008 025 9.628031707963475
008 026 9.648658247382512
008 027 9.67061498559931
008 028 9.688998749938502
008 029 9.71977875906379
008 030 9.733666369714665
008 031 9.764003908648117
008 032 9.784672548219385
008 033 9.794202943677627
008 034 9.81010016593514
008 035 9.799378033467569
008 036 9.802047710912971
008 037 9.797233952810219
008 038 9.779120310504878
008 039 9.768925540430743
008 040 9.739523682823943
008 041 9.727584700303424
008 042 9.701160359088991
008 043 9.662524294665099
008 044 9.630194565388608
008 045 9.57614658054932
008 046 9.53816193574269
008 047 9.510966661202245
008 048 9.493281105120792
008 049 9.495599466741474
008 050 9.461655225916685
008 051 9.438393732235879
008 052 9.398550350008067
008 053 9.36609765353862
008 054 9.348782902819252
008 055 9.348604174319584
008 056 9.35762795376422
008 057 9.354382340347682
008 058 9.34266923286155
008 059 9.336147119605663
008 060 9.333507606166549
008 061 9.33461086700108
008 062 9.325070091289303
008 063 9.30633946850258
008 064 9.30076595953287
008 065 9.299947524319244
008 066 9.30966412029495
008 067 9.314325960060035
008 068 9.299493907524711
008 069 9.284228898829028
008 070 9.273097319522366
008 071 9.272103843105754
008 072 9.271343361392155
009 000 9.721480764402452
009 001 9.717807307147865
009 002 9.712659472300249
009 003 9.711013252051687
009 004 9.726968547300224
009 005 9.719644408708007
009 006 9.72767780060984
009 007 9.745011873157628
009 008 9.758222798126289
009 009 9.784001087668413
009 010 9.791369383456525
009 011 9.807879367916867
009 012 9.806942357718773
009 013 9.779743754517744
009 014 9.756386287098161
009 015 9.73720620883373
009 016 9.728080395246076
009 017 9.714248217772179
009 018 9.6836615134733
009 019 9.656779572455731
009 020 9.624615967395245
009 021 9.616799342239519
009 022 9.624814421661801
009 023 9.62660360058563
009 024 9.643283289514056
009 025 9.6496476697512
009 026 9.665748667498459
009 027 9.684733418640167
009 028 9.703881320684458
009 029 9.737535879402204
009 030 9.748065098534658
009 031 9.769659845705805
009 032 9.781018084274374
009 033 9.784919673329997
009 034 9.801455377921132
009 035 9.790859273261711
009 036 9.792537840293827
009 037 9.800014068924643
009 038 9.790421182085405
009 039 9.790859838014864
009 040 9.761096793113953
009 041 9.74224840727968
009 042 9.71413204219986
009 043 9.679027279168015
009 044 9.659723369791713
009 045 9.619226719998466
009 046 9.587757094708946
009 047 9.542510141464284
009 048 9.495342339097922
009 049 9.469446553184355
009 050 9.447987425342024
009 051 9.445488146696741
009 052 9.448407100852519
009 053 9.41576305754369
009 054 9.386591047325686
009 055 9.353818663178904
009 056 9.350532960439187
009 057 9.365002396879852
009 058 9.372649492466014
009 059 9.382860000284355
009 060 9.363978655714014
009 061 9.356815963473306
009 062 9.356562105809285
009 063 9.345929060286204
009 064 9.350096506726674
009 065 9.329357804937477
009 066 9.32790757013283
009 067 9.32464292996621
009 068 9.320062752167166
009 069 9.320711435310928
009 070 9.304933369667546
009 071 9.302187202027495
009 072 9.30625431181009
010 000 9.733114655063096
010 001 9.731038486357225
010 002 9.727100603521041
010 003 9.722747984762956
010 004 9.73238826086723
010 005 9.728859507617901
010 006 9.741408163952979
010 007 9.7508994436642
010 008 9.759440621903595
010 009 9.783549714486705
010 010 9.795827514278681
010 011 9.80821583249854
010 012 9.80395170067857
010 013 9.792997770096376
010 014 9.781938690498185
010 015 9.754958756678217
010 016 9.72644794429792
010 017 9.682309075229535
010 018 9.64977873810744
010 019 9.646546131369194
010 020 9.629773680459639
010 021 9.619907364350507
010 022 9.616886891944898
010 023 9.630372351351532
010 024 9.656533506577597
010 025 9.674257317641269
010 026 9.703853889751281
010 027 9.72444482210024
010 028 9.740627614120207
010 029 9.75602520511999
010 030 9.750291336783906
010 031 9.763602550177186
010 032 9.7761807183793
010 033 9.782794948631103
010 034 9.794114244846837
010 035 9.78222060976573
010 036 9.786177176138654
010 037 9.796219482946809
010 038 9.79136815461959
010 039 9.800195014972925
010 040 9.788238023750392
010 041 9.77048419793077
010 042 9.749636004934644
010 043 9.71341763708458
010 044 9.683706798330384
010 045 9.63530829016794
010 046 9.606160497908828
010 047 9.59306614427363
010 048 9.557913736906974
010 049 9.555629756942958
010 050 9.497746179326167
010 051 9.486121280738661
010 052 9.449589567029552
010 053 9.431948661707649
010 054 9.425644764646318
010 055 9.404193971494811
010 056 9.394161918097385
010 057 9.373932028231666
010 058 9.383387107713917
010 059 9.405774145452233
010 060 9.404247907492625
010 061 9.399892247650426
010 062 9.380832475424423
010 063 9.364599631194125
010 064 9.365721891233617
010 065 9.35372453401467
010 066 9.354850125086205
010 067 9.343972410295313
010 068 9.339655566443236
010 069 9.339058542524134
010 070 9.335557745668318
010 071 9.33683603501534
010 072 9.34273790823275
011 000 9.744787687875538
011 001 9.754000423753661
011 002 9.756655799462843
011 003 9.753246341832236
011 004 9.771590151424222
011 005 9.767093179694717
011 006 9.776065702872227
011 007 9.779582310675092
011 008 9.785530426381094
011 009 9.804688737752084
011 010 9.804696593783001
011 011 9.805441088034948
011 012 9.800336572141545
011 013 9.786839813620048
011 014 9.777524636938681
011 015 9.734063404310724
011 016 9.701609426869512
011 017 9.66812339445196
011 018 9.64415105028746
011 019 9.635138025412655
011 020 9.613831373429196
011 021 9.613884578454334
011 022 9.634149505393596
011 023 9.646779731781768
011 024 9.690957181659243
011 025 9.683818858783898
011 026 9.712155992411548
011 027 9.726851567376377
011 028 9.740590322966487
011 029 9.758100724897519
011 030 9.758387390163103
011 031 9.775405556877315
011 032 9.785006675550095
011 033 9.789808103169218
011 034 9.793007818247746
011 035 9.777429196859122
011 036 9.77189774956031
011 037 9.770250279567431
011 038 9.772445598346449
011 039 9.782962903243059
011 040 9.771521097838482
011 041 9.779883490440836
011 042 9.779404442902537
011 043 9.744399785988575
011 044 9.756560613295042
011 045 9.7109241793725
011 046 9.684553992165526
011 047 9.629356649204098
011 048 9.584637653841618
011 049 9.577802407649232
011 050 9.54950519044177
011 051 9.553164375261279
011 052 9.518266929039394
011 053 9.49841530290821
011 054 9.453364917334811
011 055 9.446193700800347
011 056 9.436485551944426
011 057 9.434172753016881
011 058 9.424667462106639
011 059 9.43459319087561
011 060 9.427581628044194
011 061 9.428313613691943
011 062 9.424133451207517
011 063 9.403625782440672
011 064 9.388425658070453
011 065 9.374784996638985
011 066 9.37970830687504
011 067 9.378674915583394
011 068 9.368131305385194
011 069 9.365938632358516
011 070 9.366749222272787
011 071 9.381211741745942
011 072 9.395362319106678
012 000 9.761549980733792
012 001 9.773840950221219
012 002 9.775978000632987
012 003 9.789179478365561
012 004 9.803017079807525
012 005 9.804218594213825
012 006 9.80866082572553
012 007 9.805831292862539
012 008 9.814794509445264
012 009 9.808889215971305
012 010 9.800597316671766
012 011 9.795640595603228
012 012 9.789527389136069
012 013 9.768221639036147
012 014 9.74407746681843
012 015 9.709037195114625
012 016 9.677078976777059
012 017 9.655854359686892
012 018 9.62959352830207
012 019 9.620086884494713
012 020 9.631879362104964
012 021 9.634875087874601
012 022 9.666948718612925
012 023 9.668791413857575
012 024 9.70229650274532
012 025 9.700428343727765
012 026 9.725604036865935
012 027 9.741948783024894
012 028 9.765162200670979
012 029 9.771504069385404
012 030 9.781050986685901
012 031 9.781075285884658
012 032 9.78084582508259
012 033 9.779808698163801
012 034 9.772269795146261
012 035 9.76351177897485
012 036 9.753502122827948
012 037 9.747638199700669
012 038 9.755224997378868
012 039 9.766199689286788
012 040 9.782319685645161
012 041 9.787866162597316
012 042 9.795978373960166
012 043 9.77298973354342
012 044 9.773985109607235
012 045 9.758623614178779
012 046 9.749365906998088
012 047 9.72043355446951
012 048 9.665208651466752
012 049 9.637218339569454
012 050 9.580540332689667
012 051 9.584129852237114
012 052 9.566148838356293
012 053 9.528496815419597
012 054 9.508685317401975
012 055 9.501809558738087
012 056 9.475327495440535
012 057 9.4793527519771
012 058 9.477666558242687
012 059 9.476656353747133
012 060 9.474135375563264
012 061 9.459152752068123
012 062 9.458003809474862
012 063 9.457084278273294
012 064 9.438680326752554
012 065 9.43061905773641
012 066 9.41752193033843
012 067 9.41745000697465
012 068 9.414482213585915
012 069 9.404582057219246
012 070 9.408461503494541
012 071 9.432891534931624
012 072 9.457818555232627
013 000 9.760671908657665
013 001 9.773687960813184
013 002 9.778647456145492
013 003 9.801200128670077
013 004 9.806954149725762
013 005 9.80760278807317
013 006 9.816697753524236
013 007 9.813299798846373
013 008 9.829313856476672
013 009 9.8002638130996
013 010 9.788232872563167
013 011 9.776860310818359
013 012 9.769671515174032
013 013 9.742677700627551
013 014 9.71029381364494
013 015 9.679948812422966
013 016 9.648137621114286
013 017 9.633652197838126
013 018 9.62816090548628
013 019 9.621122171335765
013 020 9.644532727774942
013 021 9.657788689383002
013 022 9.685646300168907
013 023 9.681016535300008
013 024 9.719284639126775
013 025 9.735429000853768
013 026 9.767830873960401
013 027 9.780769926097088
013 028 9.774003865969975
013 029 9.776116996191059
013 030 9.765722952392377
013 031 9.778289503804038
013 032 9.774123897149703
013 033 9.780563375212614
013 034 9.767399831724246
013 035 9.753222071002941
013 036 9.743735220206194
013 037 9.744700881646803
013 038 9.749025047105498
013 039 9.74236152441319
013 040 9.773224612787212
013 041 9.771639452666886
013 042 9.819653141877213
013 043 9.8266993200872
013 044 9.810207263414537
013 045 9.794134984515207
013 046 9.740292643558426
013 047 9.756078571081584
013 048 9.710999003478689
013 049 9.718858338141207
013 050 9.679609026665311
013 051 9.637504384553036
013 052 9.61440915340276
013 053 9.575313875965405
013 054 9.562283197449364
013 055 9.529115601975331
013 056 9.523210950200813
013 057 9.503345691985366
013 058 9.51471702392368
013 059 9.516384897967868
013 060 9.518455860210839
013 061 9.507684131030308
013 062 9.502206232147994
013 063 9.501624264575817
013 064 9.501324008998676
013 065 9.495900483708478
013 066 9.47219109109232
013 067 9.454732953785498
013 068 9.449547170803177
013 069 9.447606452664903
013 070 9.454214695143284
013 071 9.470475864805625
013 072 9.509019945193021
014 000 9.751280344110274
014 001 9.767342292068417
014 002 9.787445991550086
014 003 9.810458178965051
014 004 9.815975352080732
014 005 9.824376918570414
014 006 9.834716456710987
014 007 9.820775829808285
014 008 9.817028895587871
014 009 9.789655041148313
014 010 9.773599030826132
014 011 9.760931320766336
014 012 9.744185875995683
014 013 9.707605643500731
014 014 9.680196842937908
014 015 9.661634683379159
014 016 9.627244595786633
014 017 9.61469057164793
014 018 9.628767786897502
014 019 9.640093309454643
014 020 9.66414252832211
014 021 9.689307335162876
014 022 9.690792964696206
014 023 9.712963928941434
014 024 9.757993048182907
014 025 9.755111229174881
014 026 9.786074164150504
014 027 9.776295220069441
014 028 9.772729772418892
014 029 9.785775969305211
014 030 9.76946654968969
014 031 9.787192706555299
014 032 9.775123382999283
014 033 9.781824006397938
014 034 9.76588699324944
014 035 9.7589830526823
014 036 9.751285923183604
014 037 9.755991400629597
014 038 9.756060262225452
014 039 9.760314400720853
014 040 9.769200574976889
014 041 9.805775560313238
014 042 9.817653500929515
014 043 9.856192037963169
014 044 9.837029602433592
014 045 9.82311276521824
014 046 9.806756153704999
014 047 9.770753402637332
014 048 9.77309518453222
014 049 9.7376466127887
014 050 9.719167887074766
014 051 9.696410286858137
014 052 9.63427600670052
014 053 9.616305023964884
014 054 9.592287384950833
014 055 9.572581058208973
014 056 9.572367264601505
014 057 9.550116773728526
014 058 9.551979544052987
014 059 9.555292780550486
014 060 9.544742150501598
014 061 9.551456280246095
014 062 9.549525256187136
014 063 9.53991452602931
014 064 9.542930751592584
014 065 9.554940571826341
014 066 9.519550964003681
014 067 9.504574771510068
014 068 9.493340386171877
014 069 9.486664313119277
014 070 9.500850489338887
014 071 9.522649544580748
014 072 9.550553512458348
015 000 9.759485660434578
015 001 9.761923327389729
015 002 9.781435020316959
015 003 9.790240958579691
015 004 9.811732737551559
015 005 9.819479068636427
015 006 9.83511763985863
015 007 9.816732937482625
015 008 9.805313858395285
015 009 9.783982819764349
015 010 9.761331075629121
015 011 9.746023737255312
015 012 9.718105678990952
015 013 9.699363611355745
015 014 9.672375110113324
015 015 9.66071215248774
015 016 9.632288554545758
015 017 9.628508579107585
015 018 9.658455335595928
015 019 9.663794416384462
015 020 9.670205974138796
015 021 9.68727919773105
015 022 9.729802105071656
015 023 9.731931083097576
015 024 9.76173672013226
015 025 9.741706568446151
015 026 9.761458093568942
015 027 9.7929200263259
015 028 9.812558569493474
015 029 9.823143529709464
015 030 9.800147700167157
015 031 9.77294991944002
015 032 9.749851116154206
015 033 9.756872788419082
015 034 9.748411931528684
015 035 9.752871155718346
015 036 9.760095392432271
015 037 9.754604221805936
015 038 9.78158087482587
015 039 9.796999686041007
015 040 9.81945528636242
015 041 9.824321812598066
015 042 9.810198785912842
015 043 9.79940070156187
015 044 9.776549903850192
015 045 9.848716918390204
015 046 9.86105023205685
015 047 9.850448749933104
015 048 9.813398687568476
015 049 9.744729030707779
015 050 9.734207232327666
015 051 9.711073044398367
015 052 9.690943579924596
015 053 9.662513863089261
015 054 9.611029589506376
015 055 9.590857213397157
015 056 9.589680992155706
015 057 9.592088757669272
015 058 9.60935152626539
015 059 9.583195647171967
015 060 9.57538552984202
015 061 9.594444110368647
015 062 9.603406550761413
015 063 9.59143845101607
015 064 9.58535118313033
015 065 9.586939839055887
015 066 9.56992661933729
015 067 9.557792280367284
015 068 9.53028184572637
015 069 9.519652185285802
015 070 9.540654030688193
015 071 9.566611907392376
015 072 9.590681490459799
016 000 9.77164506378719
016 001 9.764343275150436
016 002 9.775253280219443
016 003 9.771669809712645
016 004 9.788196322673391
016 005 9.79714626815739
016 006 9.815669183598793
016 007 9.803955222613377
016 008 9.798856809254342
016 009 9.796770303082244
016 010 9.775224007763851
016 011 9.743594183596452
016 012 9.716419513229258
016 013 9.715471645795287
016 014 9.684432537262479
016 015 9.66950853561164
016 016 9.663764120136685
016 017 9.669378018104117
016 018 9.680456141264955
016 019 9.682735207963573
016 020 9.685964102712472
016 021 9.710577356601208
016 022 9.766383995802228
016 023 9.740617007015068
016 024 9.745183329605258
016 025 9.781656326805672
016 026 9.812144690514135
016 027 9.8197925673604
016 028 9.791699008934383
016 029 9.74040791744647
016 030 9.742191012245346
016 031 9.770351982020113
016 032 9.76942571253821
016 033 9.792239928436102
016 034 9.776979443637376
016 035 9.783920509109551
016 036 9.785154509435287
016 037 9.772945788602312
016 038 9.757633115201523
016 039 9.77025598524748
016 040 9.789353645016035
016 041 9.86284044418908
016 042 9.920572248266502
016 043 9.915652454850347
016 044 9.889218812074208
016 045 9.818519013709206
016 046 9.801610672053817
016 047 9.826529521532406
016 048 9.82485326916299
016 049 9.832502009827833
016 050 9.78045622402993
016 051 9.736914349227735
016 052 9.7106265649573
016 053 9.692391795134299
016 054 9.689630747758033
016 055 9.657945765340955
016 056 9.618829734603434
016 057 9.618138483487757
016 058 9.641745336794028
016 059 9.619671233102476
016 060 9.610717038151613
016 061 9.601030211177068
016 062 9.607161460325113
016 063 9.624522858283921
016 064 9.620336237618469
016 065 9.609187304256432
016 066 9.603007835727006
016 067 9.610098666164959
016 068 9.571807297174782
016 069 9.553471743380035
016 070 9.570913675162608
016 071 9.594502971784738
016 072 9.617434705670481
017 000 9.792366438259927
017 001 9.780397294409264
017 002 9.77985220087689
017 003 9.772020412230246
017 004 9.781191123779504
017 005 9.784601835663546
017 006 9.797889896230187
017 007 9.790242685399853
017 008 9.792207556851569
017 009 9.797525157269366
017 010 9.782486600883875
017 011 9.759646070296245
017 012 9.74022867251331
017 013 9.746066645455093
017 014 9.714287905118022
017 015 9.706943529095481
017 016 9.725472430384356
017 017 9.735604276803219
017 018 9.720924959102934
017 019 9.72247260020984
017 020 9.742572060034659
017 021 9.735521891892668
017 022 9.744956717212238
017 023 9.751775488176326
017 024 9.778194569137746
017 025 9.812061842576783
017 026 9.812927662778263
017 027 9.745644425765368
017 028 9.749717882101342
017 029 9.809070705525679
017 030 9.799876153883801
017 031 9.79603924155009
017 032 9.717917094369682
017 033 9.670298223002195
017 034 9.664116882789585
017 035 9.681915805507495
017 036 9.730225435043598
017 037 9.79396576671571
017 038 9.879344916040527
017 039 9.881422491777665
017 040 9.87910563121759
017 041 9.806240751230607
017 042 9.773069078538022
017 043 9.857753619017323
017 044 9.918115811475419
017 045 9.95381962971904
017 046 9.923469400199014
017 047 9.860910485661732
017 048 9.817225345445516
017 049 9.793469254235395
017 050 9.801414747110284
017 051 9.80937099983156
017 052 9.74866134871685
017 053 9.715363453233063
017 054 9.711520957732239
017 055 9.695803246529263
017 056 9.68435551272341
017 057 9.650102157094096
017 058 9.628486735081072
017 059 9.637704725046875
017 060 9.6503528980787
017 061 9.615302445469679
017 062 9.610457103086858
017 063 9.637027760031664
017 064 9.634759962503674
017 065 9.61969614371592
017 066 9.611591951042417
017 067 9.618719836654815
017 068 9.594736301065048
017 069 9.58858120287955
017 070 9.602554290906554
017 071 9.623090370169232
017 072 9.647073053106755
018 000 9.830535989942488
018 001 9.818814355580033
018 002 9.80980310134155
018 003 9.796587998134065
018 004 9.799216528704505
018 005 9.79304223078948
018 006 9.801061989831156
018 007 9.803972718764348
018 008 9.812453986829889
018 009 9.814674499735473
018 010 9.799888115263698
018 011 9.784362604721148
018 012 9.769240971850152
018 013 9.772337132957894
018 014 9.751626018364048
018 015 9.756864620048564
018 016 9.771930135260403
018 017 9.779839404378437
018 018 9.756406517238716
018 019 9.759418437780937
018 020 9.789358019170908
018 021 9.767377128697406
018 022 9.740901412214656
018 023 9.782865771224369
018 024 9.829823310211674
018 025 9.788721298767893
018 026 9.774688952703466
018 027 9.796484474442009
018 028 9.79766376437384
018 029 9.811686169947428
018 030 9.688967825864317
018 031 9.580859125241112
018 032 9.632373485544065
018 033 9.730323837443722
018 034 9.749836452767392
018 035 9.76319909561477
018 036 9.722428048949187
018 037 9.683863465919215
018 038 9.659116109707863
018 039 9.764519443136308
018 040 9.94372634503076
018 041 9.97218508418498
018 042 10.001479813926796
018 043 9.9059399471187
018 044 9.850224381644729
018 045 9.84705548613466
018 046 9.865383198194694
018 047 9.933588442796985
018 048 9.879879801364993
018 049 9.82333304825303
018 050 9.796646585333717
018 051 9.791254882312296
018 052 9.800395393580981
018 053 9.781680791376434
018 054 9.719198545943348
018 055 9.707163535155061
018 056 9.732155338590184
018 057 9.681100738137191
018 058 9.631155264071142
018 059 9.635126350256407
018 060 9.645954343956952
018 061 9.615791128332214
018 062 9.60994680484058
018 063 9.623592679721616
018 064 9.627219556515321
018 065 9.630431595240216
018 066 9.623149595022078
018 067 9.626385766029815
018 068 9.609596619428384
018 069 9.60704271084209
018 070 9.604887032948103
018 071 9.621169218691174
018 072 9.651806895086358
019 000 9.871257439630261
019 001 9.860787679891398
019 002 9.855239740578613
019 003 9.84114550955736
019 004 9.84139811453841
019 005 9.827509366839076
019 006 9.827749298381626
019 007 9.831248013614264
019 008 9.839206327012356
019 009 9.839217944684478
019 010 9.833484315910955
019 011 9.8277049862636
019 012 9.810087639642571
019 013 9.81031799257321
019 014 9.795265595696819
019 015 9.798817844018078
019 016 9.810525054582106
019 017 9.81622797349281
019 018 9.801675980663317
019 019 9.804365014571792
019 020 9.823115185421647
019 021 9.795631272205098
019 022 9.769649781318385
019 023 9.808499617551282
019 024 9.83737861420714
019 025 9.76994877898942
019 026 9.751197686843378
019 027 9.833130126198414
019 028 9.773757823638032
019 029 9.661029254182445
019 030 9.610386433230905
019 031 9.68832785250215
019 032 9.433287095536164
019 033 9.410619824242508
019 034 8.92523656654034
019 035 8.815751559891984
019 036 9.452436034280884
019 037 9.453215221910744
019 038 9.71894890808856
019 039 9.700384261786478
019 040 9.747991347200708
019 041 9.806614632208781
019 042 9.9060877137999
019 043 10.014385839143316
019 044 10.004096280749673
019 045 9.939759583505472
019 046 9.876359616369271
019 047 9.85212784899833
019 048 9.848531065708693
019 049 9.910465402067523
019 050 9.791574181200772
019 051 9.749943552442126
019 052 9.782280066727541
019 053 9.782679330630456
019 054 9.71693444447597
019 055 9.701460182921583
019 056 9.712988742983317
019 057 9.686238004264492
019 058 9.652213886030138
019 059 9.646041436435628
019 060 9.644969418215364
019 061 9.63865141647159
019 062 9.636707988526204
019 063 9.635345119970577
019 064 9.635032295063315
019 065 9.64009148009836
019 066 9.630216216784673
019 067 9.62450464448188
019 068 9.624939683692391
019 069 9.626880770833344
019 070 9.619859562999224
019 071 9.626646169089073
019 072 9.648290379121343
020 000 9.900803925079254
020 001 9.895860514667776
020 002 9.891222166436826
020 003 9.876843498194397
020 004 9.883832526262466
020 005 9.873358819040343
020 006 9.87212384945857
020 007 9.874033349279246
020 008 9.879372852922856
020 009 9.872603304952873
020 010 9.863520997233497
020 011 9.864325105975915
020 012 9.852558925374844
020 013 9.852709562998731
020 014 9.835908844093737
020 015 9.84029752240387
020 016 9.844947978397498
020 017 9.850534153512163
020 018 9.838966002886767
020 019 9.840310373521078
020 020 9.85874610557276
020 021 9.831575679699814
020 022 9.814291402204077
020 023 9.833270979031058
020 024 9.857410122730805
020 025 9.791115668014262
020 026 9.788352352776156
020 027 9.868953400307916
020 028 9.810631439266633
020 029 9.62757397661323
020 030 9.736290730191342
020 031 9.871672878157115
020 032 9.376654860402521
020 033 8.354847933281258
020 034 6.85863626743351
020 035 6.722512748582948
020 036 7.308959581384217
020 037 7.914262889133282
020 038 8.380328857903615
020 039 8.46439735443641
020 040 9.38070659057926
020 041 9.686062983741927
020 042 9.83845549119568
020 043 9.855730431477255
020 044 9.897930786161048
020 045 10.02540044355519
020 046 9.968610174755012
020 047 9.806177387114925
020 048 9.82860146646464
020 049 9.904071573098367
020 050 9.801686966399359
020 051 9.745445053689638
020 052 9.755327206199192
020 053 9.754131973849901
020 054 9.717975821576488
020 055 9.695352481414883
020 056 9.692855598905911
020 057 9.66980995358888
020 058 9.66864013767427
020 059 9.64732836219499
020 060 9.648719794977183
020 061 9.653313410467268
020 062 9.660227249334014
020 063 9.654645985478423
020 064 9.653989217628448
020 065 9.662248217473639
020 066 9.648800897621403
020 067 9.64217182635499
020 068 9.641719222236475
020 069 9.645931758155351
020 070 9.633717442407976
020 071 9.641383309713554
020 072 9.65741509700764
021 000 9.918937878898316
021 001 9.908404584065009
021 002 9.903505597822303
021 003 9.89677877827703
021 004 9.905910836304393
021 005 9.897486381191788
021 006 9.904451401308583
021 007 9.906666608749283
021 008 9.912499313247997
021 009 9.903458559074476
021 010 9.8993928012033
021 011 9.903223665039425
021 012 9.90071908083141
021 013 9.889633145455733
021 014 9.875771964534904
021 015 9.88249652704412
021 016 9.877291451539346
021 017 9.874118908758984
021 018 9.870170496905361
021 019 9.89040568870573
021 020 9.895877140346634
021 021 9.881655489349097
021 022 9.872529561149749
021 023 9.885674015199257
021 024 9.870089741031386
021 025 9.817752811135938
021 026 9.811368440000443
021 027 9.872597544322723
021 028 9.831471348251519
021 029 9.670840594256688
021 030 9.660108859817685
021 031 9.818476283587476
021 032 9.527799266387742
021 033 8.794688293024095
021 034 7.674812585313436
021 035 6.731952051917159
021 036 6.812220119385855
021 037 5.1794614682578
021 038 5.455404826598432
021 039 6.300925634670776
021 040 7.3047949229655735
021 041 8.983436863339966
021 042 9.315177399250835
021 043 9.505294628624476
021 044 9.592567867208109
021 045 9.807390207697088
021 046 9.832504687403159
021 047 9.713208545132753
021 048 9.719751458366268
021 049 9.805460088556272
021 050 9.734619331173844
021 051 9.724302833628347
021 052 9.73319847512395
021 053 9.731313587968238
021 054 9.704258334159613
021 055 9.68630231018088
021 056 9.676906749063633
021 057 9.66873769510287
021 058 9.662708187036143
021 059 9.651314262081401
021 060 9.663582987235186
021 061 9.674518989975969
021 062 9.680002163266849
021 063 9.670760318528997
021 064 9.669948098556148
021 065 9.669283279506246
021 066 9.66067983094055
021 067 9.651875721030109
021 068 9.653794179000224
021 069 9.653021125720644
021 070 9.646247207833925
021 071 9.644127051955978
021 072 9.659364322784665
022 000 9.908418702711266
022 001 9.894161988437876
022 002 9.888699909034095
022 003 9.8788459997646
022 004 9.897426036288682
022 005 9.892264703300233
022 006 9.903350726980092
022 007 9.910242904837888
022 008 9.92363296769261
022 009 9.915292545705695
022 010 9.918170640111684
022 011 9.92685011568978
022 012 9.92840277283243
022 013 9.916026007157123
022 014 9.907099648356272
022 015 9.90959918198771
022 016 9.90137516617632
022 017 9.897467042321582
022 018 9.90386907251124
022 019 9.92691787093826
022 020 9.923055089522734
022 021 9.921649301496009
022 022 9.919240347418645
022 023 9.911603954242903
022 024 9.896262830839667
022 025 9.874742632829538
022 026 9.849613423611363
022 027 9.838875561261492
022 028 9.829406639855964
022 029 9.76880061387363
022 030 9.685464986343485
022 031 9.61718576900294
022 032 9.706978721057196
022 033 9.172127118066461
022 034 9.0520696239823
022 035 9.024694093353535
022 036 8.133586334752367
022 037 6.026735218747577
022 038 4.330777519176858
022 039 3.99379659485406
022 040 5.201404779618421
022 041 7.108176272548399
022 042 8.387325074742934
022 043 8.902252225316081
022 044 9.156433312376079
022 045 9.44425944444311
022 046 9.615713403779743
022 047 9.591244113370406
022 048 9.623681732182192
022 049 9.690939773436083
022 050 9.685673530936066
022 051 9.677832288563721
022 052 9.685315921520491
022 053 9.702812659615434
022 054 9.684048722567374
022 055 9.671913871294409
022 056 9.666635358776734
022 057 9.660298141310284
022 058 9.65243295772847
022 059 9.653270497346755
022 060 9.663731802523449
022 061 9.658962857454814
022 062 9.66816680631065
022 063 9.660370406799677
022 064 9.66584613646248
022 065 9.651611041776405
022 066 9.652230772841227
022 067 9.644013924086659
022 068 9.639703423752115
022 069 9.638356903100169
022 070 9.644140232996131
022 071 9.647873133446872
022 072 9.650709397085274
023 000 9.882857638512007
023 001 9.86630566603027
023 002 9.862430452208292
023 003 9.854075079147929
023 004 9.870008735442518
023 005 9.862661764395389
023 006 9.878210356443681
023 007 9.891288064165208
023 008 9.90575237045448
023 009 9.89889299420714
023 010 9.907812346001984
023 011 9.918131113937292
023 012 9.918839621420581
023 013 9.912318596301628
023 014 9.907050552478504
023 015 9.910073769985354
023 016 9.903299309513715
023 017 9.91749868731666
023 018 9.912261898420509
023 019 9.931653663621022
023 020 9.928150129064937
023 021 9.948891360005135
023 022 9.916227262417843
023 023 9.905816513084963
023 024 9.90370157510187
023 025 9.896283082338318
023 026 9.834874428439322
023 027 9.819668008614943
023 028 9.847663525067912
023 029 9.832747542289592
023 030 9.73280490647218
023 031 9.659306006760344
023 032 9.672051608419272
023 033 9.480431407179415
023 034 9.454065558985413
023 035 9.539315099942076
023 036 9.659097212375496
023 037 8.734432625014422
023 038 7.047733345182981
023 039 5.732794070928785
023 040 5.324864465606113
023 041 6.511710463278564
023 042 7.760138181849432
023 043 8.60238664808012
023 044 8.87224912428023
023 045 9.183223114931723
023 046 9.346132576029044
023 047 9.498655626189702
023 048 9.552665979087587
023 049 9.62320748094234
023 050 9.627655367151279
023 051 9.65760164992685
023 052 9.668991680204792
023 053 9.689785798827332
023 054 9.678241761845223
023 055 9.674045279427892
023 056 9.673406820317686
023 057 9.669722412091183
023 058 9.66074250024516
023 059 9.65602053213506
023 060 9.661908066486035
023 061 9.656269776207717
023 062 9.65358836566352
023 063 9.646237918535848
023 064 9.654692206563816
023 065 9.643618508811567
023 066 9.64293554482223
023 067 9.637118135668395
023 068 9.641023325688138
023 069 9.645930280566564
023 070 9.646406724569477
023 071 9.652046860935389
023 072 9.662259923552762
024 000 9.854688617605488
024 001 9.842450672035838
024 002 9.835916248947372
024 003 9.821228166150348
024 004 9.834070899387706
024 005 9.822974943804258
024 006 9.831713126087848
024 007 9.846830902010222
024 008 9.871202747652893
024 009 9.875309629807528
024 010 9.883049868758482
024 011 9.892436185031258
024 012 9.893798502137708
024 013 9.8915829779972
024 014 9.885402170392881
024 015 9.886688617175588
024 016 9.896034866762012
024 017 9.918181649239962
024 018 9.909751841085795
024 019 9.912353481432573
024 020 9.936979022208702
024 021 9.964414782619182
024 022 9.918636566344523
024 023 9.894791061898918
024 024 9.905265771480744
024 025 9.89735974584856
024 026 9.840808483143652
024 027 9.830590082003548
024 028 9.83287565860229
024 029 9.81803732003312
024 030 9.787160375539647
024 031 9.802424120368226
024 032 9.875509552314925
024 033 9.6140511121145
024 034 9.49369050823343
024 035 9.44121747232497
024 036 9.516689593196284
024 037 9.556471084570521
024 038 9.602531445885663
024 039 8.997976886484903
024 040 8.578595912560687
024 041 8.59370719327356
024 042 8.596165003855402
024 043 8.879507009130176
024 044 9.100229824301953
024 045 9.287851970802611
024 046 9.400483545844008
024 047 9.573829781369863
024 048 9.617907345752313
024 049 9.64488949397528
024 050 9.67260441172627
024 051 9.70859480675487
024 052 9.71119663198608
024 053 9.709614467486714
024 054 9.697045111188858
024 055 9.695264343668025
024 056 9.696669220872158
024 057 9.687663509324077
024 058 9.67975688300416
024 059 9.676812577742067
024 060 9.681138103093245
024 061 9.666463877130791
024 062 9.662916494080278
024 063 9.658444339309394
024 064 9.664495320001514
024 065 9.652516338849948
024 066 9.655988426080185
024 067 9.65659799679753
024 068 9.660326094669491
024 069 9.658478553493653
024 070 9.663039722760832
024 071 9.666626446501372
024 072 9.66229192214484
025 000 9.816467657922297
025 001 9.807635845916431
025 002 9.805059762975278
025 003 9.799985756418192
025 004 9.815137066121173
025 005 9.805482157509848
025 006 9.814870545276397
025 007 9.820787298638056
025 008 9.840001674365842
025 009 9.849050012507298
025 010 9.858737248330126
025 011 9.859810215882105
025 012 9.862572514361174
025 013 9.86306963042075
025 014 9.852707513996613
025 015 9.850460189818945
025 016 9.863674116132175
025 017 9.898886761459542
025 018 9.893870034403122
025 019 9.895585299544454
025 020 9.91695440063134
025 021 9.946347996203658
025 022 9.910267553719002
025 023 9.891492194653772
025 024 9.892995395747425
025 025 9.886698522650073
025 026 9.854575833413747
025 027 9.844225076623232
025 028 9.868270767587404
025 029 9.807728900717091
025 030 9.699001941028735
025 031 9.740959196528559
025 032 9.802404040787877
025 033 9.891956282884493
025 034 10.02722662910745
025 035 9.824970110314206
025 036 9.707723435619014
025 037 9.697791373435873
025 038 9.70651754787915
025 039 9.724699629289708
025 040 9.708011424871133
025 041 9.602996302056715
025 042 9.530404358376941
025 043 9.459983192052766
025 044 9.517286451988229
025 045 9.63872890428858
025 046 9.678602439792975
025 047 9.727854529883784
025 048 9.700610018405444
025 049 9.703884677845926
025 050 9.737982163500822
025 051 9.766838073217716
025 052 9.737121785152686
025 053 9.726388277728242
025 054 9.73363079593785
025 055 9.739937712947729
025 056 9.733435038948603
025 057 9.724969825424054
025 058 9.716447741048151
025 059 9.709853631839948
025 060 9.706293594542426
025 061 9.693551057795478
025 062 9.692727806686955
025 063 9.687214947324666
025 064 9.689360678658343
025 065 9.677504330532834
025 066 9.679639325270758
025 067 9.679526061719237
025 068 9.6820769288759
025 069 9.67574217645505
025 070 9.674447407746701
025 071 9.674271216666396
025 072 9.66989582794751
026 000 9.77321144574566
026 001 9.778976581815634
026 002 9.78439328574357
026 003 9.779036167452144
026 004 9.782233759982956
026 005 9.792188346453395
026 006 9.793916635941159
026 007 9.79883374547049
026 008 9.812734006359186
026 009 9.83830205033218
026 010 9.835434428848512
026 011 9.833937319825703
026 012 9.835652788944133
026 013 9.857056300242851
026 014 9.840630817717166
026 015 9.840123619295738
026 016 9.848126591169288
026 017 9.877225319793608
026 018 9.869449811719328
026 019 9.878231016554041
026 020 9.890897217628345
026 021 9.906092369448862
026 022 9.88347308546297
026 023 9.876160748167642
026 024 9.883623694467097
026 025 9.875223230406625
026 026 9.821195447826943
026 027 9.802947590651007
026 028 9.827497926135509
026 029 9.86407144380176
026 030 9.922416397615505
026 031 9.86966980015938
026 032 9.741436635244783
026 033 9.746577916813429
026 034 9.822245754439317
026 035 9.895898542726417
026 036 9.995887889049932
026 037 9.985884023130687
026 038 9.980205538944777
026 039 9.942420699105355
026 040 9.944592642973046
026 041 9.88405414975556
026 042 9.863900859213592
026 043 9.861289096560547
026 044 9.883349284190357
026 045 9.856897125423112
026 046 9.839069434831393
026 047 9.789274924833808
026 048 9.776245986252418
026 049 9.817616755958543
026 050 9.83194682851997
026 051 9.798771284439633
026 052 9.780370969612983
026 053 9.774746931830025
026 054 9.76971610832513
026 055 9.769719714646815
026 056 9.760135058690363
026 057 9.750466228076863
026 058 9.74784304363234
026 059 9.756301950459758
026 060 9.737449946354934
026 061 9.72596840889159
026 062 9.720483035942618
026 063 9.725864623760353
026 064 9.705942310597468
026 065 9.699375189842776
026 066 9.695466632078366
026 067 9.703283506085027
026 068 9.687786419296787
026 069 9.68245857643855
026 070 9.679166354836916
026 071 9.681573424007302
026 072 9.672278028912853
027 000 9.734423623522364
027 001 9.756795974585216
027 002 9.769642440438117
027 003 9.766901362700231
027 004 9.770046846271791
027 005 9.777946110006388
027 006 9.775594228247895
027 007 9.773917582898193
027 008 9.784330551730852
027 009 9.813186358043382
027 010 9.815594948936361
027 011 9.822668749205317
027 012 9.819788917135655
027 013 9.831061425574402
027 014 9.821223981712837
027 015 9.831738748559419
027 016 9.832129770682359
027 017 9.854328785201758
027 018 9.850233749040425
027 019 9.861322128293104
027 020 9.86707190963692
027 021 9.87797927187449
027 022 9.856827032144668
027 023 9.84481895903879
027 024 9.833357423098256
027 025 9.82740883044927
027 026 9.85936494602156
027 027 9.841194388306262
027 028 9.75378963110451
027 029 9.765768484731979
027 030 9.822002221588878
027 031 9.89416746337026
027 032 9.98601736910612
027 033 9.961844614868278
027 034 9.930583213209829
027 035 9.914158450508038
027 036 9.925220392215197
027 037 9.949845133687033
027 038 9.99548129163935
027 039 10.01399393859742
027 040 10.044235300214881
027 041 10.027409982280622
027 042 10.052390364931128
027 043 10.0085125126078
027 044 9.99200663297866
027 045 9.938511453400029
027 046 9.911596864344903
027 047 9.927026276612583
027 048 9.935732628382532
027 049 9.91352679027991
027 050 9.887310096732392
027 051 9.84683236191103
027 052 9.827616232979144
027 053 9.840522956403358
027 054 9.82885434803493
027 055 9.80106474689829
027 056 9.79133470885517
027 057 9.796413321559854
027 058 9.785703289673195
027 059 9.778504824616219
027 060 9.761953025625937
027 061 9.751320771561414
027 062 9.741239031291194
027 063 9.74318129089995
027 064 9.72052525249964
027 065 9.708388966226698
027 066 9.701144409385185
027 067 9.70778133369464
027 068 9.695903999017704
027 069 9.694477115810862
027 070 9.689554437203151
027 071 9.690199548759079
027 072 9.671452934798662
028 000 9.710366011379378
028 001 9.737945646544597
028 002 9.762201952536536
028 003 9.76415681028516
028 004 9.765603213482398
028 005 9.77740406223317
028 006 9.773389662982527
028 007 9.764557620139557
028 008 9.768687412273607
028 009 9.788218879232264
028 010 9.795806817900601
028 011 9.806803609195825
028 012 9.801870302726176
028 013 9.805834520996429
028 014 9.80151230619316
028 015 9.815275435942374
028 016 9.818785949327648
028 017 9.841863442111388
028 018 9.84546846906987
028 019 9.859256007676427
028 020 9.849074780254734
028 021 9.84803771978785
028 022 9.865731369134043
028 023 9.864906883455193
028 024 9.819026169490472
028 025 9.799325022869503
028 026 9.825524737867703
028 027 9.807920056977954
028 028 9.852290880740686
028 029 9.847948785912005
028 030 9.804272482269658
028 031 9.863320594546124
028 032 9.881542063876532
028 033 9.93073261012052
028 034 9.981727181613552
028 035 9.974017353591627
028 036 10.002667874727239
028 037 9.998788481037884
028 038 10.020068640103538
028 039 10.030646460670717
028 040 10.05226063221436
028 041 10.046835622129397
028 042 10.060276414125228
028 043 10.034607241880927
028 044 10.039158226461323
028 045 10.039733623861144
028 046 10.028946321823717
028 047 10.013494477175207
028 048 9.987328942512752
028 049 9.941634279120711
028 050 9.911570688681458
028 051 9.919450073331593
028 052 9.913545394252132
028 053 9.890569888640325
028 054 9.875832228133088
028 055 9.850829638011108
028 056 9.837589124912967
028 057 9.839581081074305
028 058 9.820691454221894
028 059 9.794719784714589
028 060 9.777786981943613
028 061 9.771194395942059
028 062 9.751345435689185
028 063 9.740367854854131
028 064 9.724631673411345
028 065 9.72028837689774
028 066 9.712369328679989
028 067 9.709238009431433
028 068 9.691989261927837
028 069 9.689427626825658
028 070 9.679960581959694
028 071 9.671465972986336
028 072 9.653616482075888
029 000 9.686645646223113
029 001 9.719537538787142
029 002 9.74117583163584
029 003 9.749830922283182
029 004 9.757928372103464
029 005 9.764048485125763
029 006 9.761904274215599
029 007 9.758942821618922
029 008 9.756640235447977
029 009 9.768407664452537
029 010 9.773617889412222
029 011 9.780371452869797
029 012 9.77259304677864
029 013 9.774173217226709
029 014 9.769172163890678
029 015 9.795452947215669
029 016 9.795123596099687
029 017 9.814780868782396
029 018 9.822087423881959
029 019 9.851049161482852
029 020 9.819544932875223
029 021 9.81802191353291
029 022 9.830568584638103
029 023 9.851046634513668
029 024 9.880363803080675
029 025 9.859954823213574
029 026 9.831001574707162
029 027 9.805738091760485
029 028 9.821678717056392
029 029 9.818176466445548
029 030 9.864854158534413
029 031 9.889683888537098
029 032 9.898528105237842
029 033 9.93986816107832
029 034 9.940275779350426
029 035 9.949763523799454
029 036 9.976484297959722
029 037 9.977704321592036
029 038 10.009478468180303
029 039 10.019915039129309
029 040 10.048389055643675
029 041 10.048714629394482
029 042 10.068927034620447
029 043 10.064439513956605
029 044 10.067102256339052
029 045 10.05496025328166
029 046 10.037512499488958
029 047 10.012242927865696
029 048 9.98690401951193
029 049 9.974008570890167
029 050 9.974960716949614
029 051 9.968631486894973
029 052 9.96297299982688
029 053 9.934960128305853
029 054 9.922666036517287
029 055 9.917542841820818
029 056 9.903998582383002
029 057 9.878527952426772
029 058 9.854886589388766
029 059 9.835681142028399
029 060 9.819275870317334
029 061 9.81032955053335
029 062 9.774298435352534
029 063 9.754681240597183
029 064 9.74190367611946
029 065 9.740472534863239
029 066 9.714515138931228
029 067 9.710095974871647
029 068 9.697113094039947
029 069 9.693710699743296
029 070 9.677729479337236
029 071 9.671740463878175
029 072 9.65303062770617
030 000 9.670010669170905
030 001 9.697065468844364
030 002 9.735962319246257
030 003 9.74399724898938
030 004 9.75771891025889
030 005 9.760720905621104
030 006 9.764427121639045
030 007 9.759293706265085
030 008 9.751809704684499
030 009 9.74809614675851
030 010 9.747238972302059
030 011 9.748506800098173
030 012 9.752923514950828
030 013 9.75336767113451
030 014 9.764504059786297
030 015 9.782368712635858
030 016 9.798880626984461
030 017 9.799868113189635
030 018 9.811650941730347
030 019 9.843896986054078
030 020 9.85051704092601
030 021 9.832311857957396
030 022 9.832798709921153
030 023 9.820384637929784
030 024 9.831688796242794
030 025 9.871664031692811
030 026 9.85751768450234
030 027 9.839949167662414
030 028 9.845795512995352
030 029 9.825186280734334
030 030 9.864297192348568
030 031 9.888401569820395
030 032 9.89640639087928
030 033 9.912862949996072
030 034 9.915316343547804
030 035 9.914362256850504
030 036 9.94064262880314
030 037 9.949368469677148
030 038 9.982088264342158
030 039 9.998580318091268
030 040 10.028219544471053
030 041 10.036414668905534
030 042 10.054620468971418
030 043 10.051674666800144
030 044 10.056727040950005
030 045 10.047324702098635
030 046 10.032714159377859
030 047 10.025094722787177
030 048 10.013973515124203
030 049 10.005874508453172
030 050 9.994334049933448
030 051 9.980076347441598
030 052 9.960008329982728
030 053 9.951070150119653
030 054 9.956832827808483
030 055 9.946726042834657
030 056 9.925323607445808
030 057 9.899116661918468
030 058 9.880786009672455
030 059 9.873341199128317
030 060 9.864589264870029
030 061 9.839649435610353
030 062 9.80625235365841
030 063 9.786961203355187
030 064 9.771873703664637
030 065 9.75241671801405
030 066 9.73160282001062
030 067 9.7166798260237
030 068 9.709289018911756
030 069 9.701550840058953
030 070 9.692090288510075
030 071 9.679644608506395
030 072 9.663515973418164
031 000 9.647245921472733
031 001 9.670908800128949
031 002 9.711254654526059
031 003 9.725364684055815
031 004 9.742926457232173
031 005 9.731742515853835
031 006 9.736664512566106
031 007 9.72618536845518
031 008 9.716378129574512
031 009 9.697771808921312
031 010 9.700107925857749
031 011 9.708802493102528
031 012 9.71617575788922
031 013 9.713694971715595
031 014 9.733341613640194
031 015 9.7642197786056
031 016 9.796900973439756
031 017 9.80162848937752
031 018 9.803850028900134
031 019 9.798008624177678
031 020 9.840582925137506
031 021 9.874604465625792
031 022 9.867494294020629
031 023 9.849819286334455
031 024 9.834405942065763
031 025 9.87028347904144
031 026 9.859431395722511
031 027 9.848078703769312
031 028 9.872524985600307
031 029 9.841952630181066
031 030 9.860091219257493
031 031 9.875083677492867
031 032 9.879150489746353
031 033 9.895105737105233
031 034 9.900857852080598
031 035 9.901104619523332
031 036 9.920013867575271
031 037 9.932414831965998
031 038 9.958652793821383
031 039 9.979260655975173
031 040 10.007349197672077
031 041 10.019083221646383
031 042 10.038531302727781
031 043 10.037557370650465
031 044 10.049689705613474
031 045 10.0426720656491
031 046 10.045120890813518
031 047 10.038869812400886
031 048 10.02251459167641
031 049 10.00211501440285
031 050 9.988987666250013
031 051 9.970706512679804
031 052 9.972210122347617
031 053 9.978924276618859
031 054 9.964011403029193
031 055 9.950106771860582
031 056 9.94445037495037
031 057 9.927392776398447
031 058 9.932529449312383
031 059 9.923182749339285
031 060 9.89738324462287
031 061 9.865760144361639
031 062 9.844878737778991
031 063 9.82535320716731
031 064 9.795289123557382
031 065 9.766678612426894
031 066 9.742193634571207
031 067 9.72436890214704
031 068 9.71570764887011
031 069 9.70429839140918
031 070 9.689874378789739
031 071 9.680238690824144
031 072 9.668244446312887
032 000 9.624654134230806
032 001 9.640503004913143
032 002 9.682915215799422
032 003 9.686074399520821
032 004 9.70615787903487
032 005 9.68283934799451
032 006 9.678981940904492
032 007 9.664784008437174
032 008 9.666732999377862
032 009 9.645568011317327
032 010 9.651294522743632
032 011 9.658437341235592
032 012 9.68488664938138
032 013 9.673045076574063
032 014 9.700257661756172
032 015 9.710689545859191
032 016 9.75975255708535
032 017 9.76210936640425
032 018 9.800523574186386
032 019 9.80247809892473
032 020 9.806877174423379
032 021 9.84301759542161
032 022 9.86287229376772
032 023 9.872517970504147
032 024 9.868338978872016
032 025 9.83118691686851
032 026 9.838018886721992
032 027 9.829670472170916
032 028 9.859071453363182
032 029 9.870589329969071
032 030 9.883211923543541
032 031 9.881549531601273
032 032 9.885867370354916
032 033 9.87949497005033
032 034 9.889806972819779
032 035 9.885991433188261
032 036 9.91150171032107
032 037 9.923271491748588
032 038 9.946923724253898
032 039 9.958124827471543
032 040 9.990466474518469
032 041 10.000101225697128
032 042 10.02488493298882
032 043 10.027246150392212
032 044 10.044007325786659
032 045 10.036353363608603
032 046 10.044060217122903
032 047 10.025459818983409
032 048 10.017634418386372
032 049 10.002150141769285
032 050 9.995503523557371
032 051 9.971199018344226
032 052 9.980544041189653
032 053 9.96103862569218
032 054 9.960323254036592
032 055 9.955988484576995
032 056 9.96150261972146
032 057 9.961965497629583
032 058 9.961474150928543
032 059 9.939155523754804
032 060 9.92270763709025
032 061 9.89346513474767
032 062 9.881219541947948
032 063 9.843168164423407
032 064 9.820245892871728
032 065 9.787874977585359
032 066 9.769422541953963
032 067 9.740109517569485
032 068 9.734707192499174
032 069 9.708175763696076
032 070 9.695267649603458
032 071 9.673603426643918
032 072 9.671425139461657
033 000 9.596203488390229
033 001 9.610033672035598
033 002 9.646967531994013
033 003 9.643993922737115
033 004 9.659830393876844
033 005 9.632749122244375
033 006 9.623608174746884
033 007 9.609845452260814
033 008 9.619721458674707
033 009 9.619642534457437
033 010 9.629408384130613
033 011 9.634035807748326
033 012 9.651996488413655
033 013 9.666879189998316
033 014 9.697854874205488
033 015 9.68963158680279
033 016 9.709446651749738
033 017 9.725032584897683
033 018 9.770572629496698
033 019 9.77545301198546
033 020 9.813439822853685
033 021 9.806693316589064
033 022 9.803880850404914
033 023 9.825087323421235
033 024 9.844595108529377
033 025 9.839374712122545
033 026 9.85548880264023
033 027 9.83248939026948
033 028 9.841770476622667
033 029 9.837615398057208
033 030 9.845705356899888
033 031 9.85105423779722
033 032 9.86420906598576
033 033 9.85678390751648
033 034 9.87375625633049
033 035 9.874006095472286
033 036 9.891430173525954
033 037 9.891115325307778
033 038 9.91144223716786
033 039 9.920431931848498
033 040 9.944948647640311
033 041 9.955740900788967
033 042 9.981577990067796
033 043 9.985260443993644
033 044 10.005985133626004
033 045 10.006026049291261
033 046 10.019795659681114
033 047 10.011621938584726
033 048 10.014690114731984
033 049 9.9915908816772
033 050 9.985379143672773
033 051 9.95623106900653
033 052 9.94370057982502
033 053 9.9330853108685
033 054 9.938814017124896
033 055 9.940816270011778
033 056 9.949751643401735
033 057 9.937331842249755
033 058 9.932475049550398
033 059 9.917465056139617
033 060 9.921612615582175
033 061 9.896606785208682
033 062 9.890142382965381
033 063 9.853370213590226
033 064 9.828897411351358
033 065 9.799529150245373
033 066 9.784826213296986
033 067 9.753205792391052
033 068 9.733804615080997
033 069 9.711143897263728
033 070 9.697348536005999
033 071 9.670861732998308
033 072 9.656024766905272
034 000 9.570629283409925
034 001 9.579001855163739
034 002 9.609634966346
034 003 9.600537056138505
034 004 9.611597108602483
034 005 9.589749015407863
034 006 9.595576008523796
034 007 9.574883603930864
034 008 9.580578707511746
034 009 9.590915656873714
034 010 9.624185174228986
034 011 9.617332871097476
034 012 9.62647683799962
034 013 9.645052618836846
034 014 9.674767001769823
034 015 9.680337277785542
034 016 9.700416242406355
034 017 9.69073944319437
034 018 9.70548035220497
034 019 9.732315001258934
034 020 9.783809277084737
034 021 9.790051403995436
034 022 9.818695735988701
034 023 9.805103995479637
034 024 9.801071048678663
034 025 9.793869264411228
034 026 9.804385379023543
034 027 9.811916508702627
034 028 9.840993902188021
034 029 9.837067936279876
034 030 9.848158966847121
034 031 9.841388002872316
034 032 9.849939897957501
034 033 9.841869781361906
034 034 9.847643679535926
034 035 9.842736369657679
034 036 9.857838714982973
034 037 9.855418227552718
034 038 9.864973298076885
034 039 9.866993259598493
034 040 9.887544823654281
034 041 9.900276099062696
034 042 9.927335684122156
034 043 9.942211792953222
034 044 9.96974088152044
034 045 9.974168875728664
034 046 9.992493757760874
034 047 9.978496802550758
034 048 9.976702351571046
034 049 9.948995058754369
034 050 9.936983050162981
034 051 9.912050941844365
034 052 9.903246300565755
034 053 9.892899823993398
034 054 9.894746540108127
034 055 9.888764361022005
034 056 9.895516351946682
034 057 9.898428334948438
034 058 9.914010143755368
034 059 9.909190036338575
034 060 9.921323680836739
034 061 9.889806951655162
034 062 9.871905925208027
034 063 9.838549775599947
034 064 9.817733916754324
034 065 9.789866236937511
034 066 9.772029664458643
034 067 9.740976989150028
034 068 9.722440268496877
034 069 9.706369494660509
034 070 9.699361545742857
034 071 9.66727975085797
034 072 9.646688261748936
035 000 9.524471227900369
035 001 9.530777247724386
035 002 9.558424986566488
035 003 9.542567596292024
035 004 9.550610990113132
035 005 9.54710111194304
035 006 9.566872733519421
035 007 9.544320377179904
035 008 9.547551643438204
035 009 9.558917980186019
035 010 9.596394046981937
035 011 9.60697950026053
035 012 9.636060381935957
035 013 9.62861961403809
035 014 9.636756382923474
035 015 9.6530266315528
035 016 9.685511216572353
035 017 9.691309774903106
035 018 9.714799550891954
035 019 9.7051749893829
035 020 9.713549738100319
035 021 9.73027050106182
035 022 9.76677311127424
035 023 9.780737436426152
035 024 9.81190451738722
035 025 9.80123543239262
035 026 9.809137563056758
035 027 9.804731330260177
035 028 9.816711811093095
035 029 9.816025950792284
035 030 9.831139944120961
035 031 9.829573519473213
035 032 9.844382507460958
035 033 9.824800778875122
035 034 9.82383588070875
035 035 9.809321775224012
035 036 9.812555185668524
035 037 9.798346360361975
035 038 9.796929685990998
035 039 9.79642350476984
035 040 9.812003135190844
035 041 9.822366508161773
035 042 9.848720701454877
035 043 9.867513669183234
035 044 9.899051092730753
035 045 9.910104886669126
035 046 9.936097041298178
035 047 9.92894116194472
035 048 9.934774196039927
035 049 9.913146226426875
035 050 9.907739070402833
035 051 9.884435902068892
035 052 9.876650383780161
035 053 9.862184824481645
035 054 9.861663565359702
035 055 9.865051046426453
035 056 9.881057344455787
035 057 9.885911723500751
035 058 9.903101183450643
035 059 9.88852916230382
035 060 9.88776510252231
035 061 9.867423882635439
035 062 9.860163138246477
035 063 9.832062958135865
035 064 9.816667116584672
035 065 9.784304852526072
035 066 9.763227714557932
035 067 9.735039900673922
035 068 9.720661206131064
035 069 9.694447349923298
035 070 9.679400681693432
035 071 9.65015192170073
035 072 9.63228962262336
036 000 9.468873039673985
036 001 9.471335608105136
036 002 9.496187758441154
036 003 9.485046179362017
036 004 9.498043870855845
036 005 9.495969630770913
036 006 9.513531363221684
036 007 9.504896290551276
036 008 9.524882300010015
036 009 9.509810747271716
036 010 9.526919583570328
036 011 9.545027676868076
036 012 9.584065071059378
036 013 9.597985241251754
036 014 9.623248627212375
036 015 9.616824458030127
036 016 9.618464367047347
036 017 9.635105774878172
036 018 9.664921352704804
036 019 9.676479029476173
036 020 9.713315649452769
036 021 9.707678560190304
036 022 9.725678111382223
036 023 9.721201725144203
036 024 9.729324469426283
036 025 9.740502332399922
036 026 9.765257291002266
036 027 9.772079948136968
036 028 9.797904691217163
036 029 9.79481612328535
036 030 9.804481136880455
036 031 9.792771706459584
036 032 9.796381967313591
036 033 9.77357930513092
036 034 9.77208151291322
036 035 9.75770949413305
036 036 9.76134267608505
036 037 9.740867995648104
036 038 9.735876200933346
036 039 9.728566374645077
036 040 9.732264579232847
036 041 9.735670314153605
036 042 9.754393684779084
036 043 9.770785512923371
036 044 9.801649005457126
036 045 9.818419841356722
036 046 9.849950872257883
036 047 9.849341022693917
036 048 9.864051863411506
036 049 9.841909666477841
036 050 9.838084094488817
036 051 9.817216400079273
036 052 9.809246911325637
036 053 9.803779202943073
036 054 9.81161520392736
036 055 9.819493976646976
036 056 9.839586767685654
036 057 9.845030412764542
036 058 9.862686928833652
036 059 9.85546751605065
036 060 9.862707519155887
036 061 9.84035913807588
036 062 9.832073542367473
036 063 9.794290640560828
036 064 9.76417102605082
036 065 9.732828442449046
036 066 9.713254417352042
036 067 9.690815674033429
036 068 9.680946411301417
036 069 9.659124746107
036 070 9.649196005179292
036 071 9.628662264044355
036 072 9.620629341963463
037 000 9.41850166784772
037 001 9.414077933399343
037 002 9.429050095408384
037 003 9.438702853987644
037 004 9.4606245783851
037 005 9.45562308580366
037 006 9.472129921305115
037 007 9.475607697876441
037 008 9.492303522413872
037 009 9.476191803041816
037 010 9.493793644497734
037 011 9.489532674106835
037 012 9.516956757809604
037 013 9.538608590422964
037 014 9.582618309792398
037 015 9.601000935435753
037 016 9.619896305876189
037 017 9.624916773736368
037 018 9.634143327681336
037 019 9.631933318833926
037 020 9.654147537450505
037 021 9.65514142545174
037 022 9.68225831206201
037 023 9.678631149669004
037 024 9.68978983103683
037 025 9.695514176927208
037 026 9.719724715236323
037 027 9.73224935599164
037 028 9.757097268482626
037 029 9.754512369906664
037 030 9.766099382838632
037 031 9.749360465639228
037 032 9.749108753520208
037 033 9.725700374399196
037 034 9.725426207109436
037 035 9.706874714747565
037 036 9.707921108369298
037 037 9.689109711080365
037 038 9.682894436065379
037 039 9.672645747391465
037 040 9.675516819990195
037 041 9.675027450750724
037 042 9.68516112015288
037 043 9.700567797941854
037 044 9.728989150310715
037 045 9.738975238000979
037 046 9.76227172316193
037 047 9.762311881170737
037 048 9.778236582589601
037 049 9.762443556428968
037 050 9.762678270099002
037 051 9.750920021661242
037 052 9.750538001972798
037 053 9.751096022151435
037 054 9.766716198998338
037 055 9.776016770552852
037 056 9.798592822092111
037 057 9.80906305654921
037 058 9.828229956956244
037 059 9.816449810775724
037 060 9.82044897796542
037 061 9.791726566102449
037 062 9.767693214611148
037 063 9.73370100051614
037 064 9.708153749119056
037 065 9.684065100677685
037 066 9.674898496524113
037 067 9.651035648613515
037 068 9.641420411356636
037 069 9.621746958634423
037 070 9.61327841350318
037 071 9.591027133932425
037 072 9.581349816817449
038 000 9.397988440082623
038 001 9.381241184663876
038 002 9.38851645297695
038 003 9.394614186858092
038 004 9.426797810598925
038 005 9.43957586400964
038 006 9.457897024206597
038 007 9.45118665634189
038 008 9.45419826564298
038 009 9.442765016683486
038 010 9.451584328262827
038 011 9.442422245801275
038 012 9.473141838631289
038 013 9.482161112632841
038 014 9.521305096710146
038 015 9.541065371873794
038 016 9.573659919442957
038 017 9.591182032469938
038 018 9.607938460212473
038 019 9.603398537589554
038 020 9.60692072522597
038 021 9.590284461011368
038 022 9.60601450162998
038 023 9.599564115715173
038 024 9.612801696647935
038 025 9.627250837886177
038 026 9.651717957452208
038 027 9.664807318008785
038 028 9.69745359615914
038 029 9.697203445774255
038 030 9.709010522935834
038 031 9.692974337637532
038 032 9.687138849548628
038 033 9.666119060916353
038 034 9.666534122418966
038 035 9.650823098225596
038 036 9.652179865836995
038 037 9.639581178857853
038 038 9.637407624480344
038 039 9.627387406955688
038 040 9.626656125824558
038 041 9.613923566055588
038 042 9.620513886057017
038 043 9.632327787452216
038 044 9.650027537346736
038 045 9.656875653188024
038 046 9.681040870240684
038 047 9.685153266060743
038 048 9.706002783173897
038 049 9.698705790579623
038 050 9.70498743462336
038 051 9.699032057465203
038 052 9.70694401763703
038 053 9.710219084762079
038 054 9.727237982531216
038 055 9.737847660801432
038 056 9.760999786841467
038 057 9.7605736277918
038 058 9.777649606150897
038 059 9.765424960711465
038 060 9.757488051521854
038 061 9.727417686755356
038 062 9.706765300521944
038 063 9.67558061323031
038 064 9.654581063996673
038 065 9.63535063406323
038 066 9.630215730079396
038 067 9.614749252393658
038 068 9.611578038468473
038 069 9.592129200341569
038 070 9.586909721873196
038 071 9.568451389483728
038 072 9.559628386590974
039 000 9.343046967461767
039 001 9.331225341782094
039 002 9.357222080870466
039 003 9.357237852485989
039 004 9.383273086985458
039 005 9.38998939838532
039 006 9.417217849064688
039 007 9.419424409621536
039 008 9.423091086964726
039 009 9.408023414003878
039 010 9.40477568280562
039 011 9.40012763918795
039 012 9.41495396657489
039 013 9.4179434954548
039 014 9.466002641656706
039 015 9.48079528691397
039 016 9.512874627629305
039 017 9.528279738830593
039 018 9.541486028353408
039 019 9.544054739480055
039 020 9.550072547085986
039 021 9.534811047708542
039 022 9.538017848539981
039 023 9.523786363343289
039 024 9.532617401688585
039 025 9.543399045936134
039 026 9.564381743750323
039 027 9.574144614179641
039 028 9.603002265006948
039 029 9.603783475085262
039 030 9.627513784540946
039 031 9.620660719902636
039 032 9.61862722215837
039 033 9.599522771318483
039 034 9.606580976032834
039 035 9.599801661251826
039 036 9.600023632603413
039 037 9.58667294030961
039 038 9.590370725156754
039 039 9.577932864365275
039 040 9.578717507702773
039 041 9.56727230597683
039 042 9.566324435218887
039 043 9.565900366358305
039 044 9.584842349515922
039 045 9.595540409421348
039 046 9.610077548566242
039 047 9.61134225381765
039 048 9.636950247333884
039 049 9.636050362017258
039 050 9.650406645161162
039 051 9.657805903568931
039 052 9.668208908272904
039 053 9.672213575554226
039 054 9.683488101789514
039 055 9.685222628045354
039 056 9.70750940059346
039 057 9.709116562276941
039 058 9.712887389640587
039 059 9.694071433238767
039 060 9.689550265044156
039 061 9.664980186474573
039 062 9.654164204745152
039 063 9.63344018595407
039 064 9.618519678973902
039 065 9.605585228043708
039 066 9.607338165587972
039 067 9.593284099107684
039 068 9.593486172433595
039 069 9.578991756875961
039 070 9.568945995468452
039 071 9.550567379488818
039 072 9.548273319471638
040 000 9.284820613275814
040 001 9.2926792213852
040 002 9.316095099997085
040 003 9.313400560194498
040 004 9.336319902472908
040 005 9.329754767424825
040 006 9.352795173675005
040 007 9.348552949041009
040 008 9.3640017785485
040 009 9.359788155879098
040 010 9.356292629943876
040 011 9.347456878576615
040 012 9.35533777733809
040 013 9.361909256367266
040 014 9.398656978229107
040 015 9.40668978928727
040 016 9.452129717777996
040 017 9.456331400032985
040 018 9.468527292336857
040 019 9.470046353956056
040 020 9.4727476986365
040 021 9.454855518896766
040 022 9.45906425765272
040 023 9.445268858527653
040 024 9.448840138265654
040 025 9.452723892336941
040 026 9.470763028228614
040 027 9.47755913128364
040 028 9.498775950438546
040 029 9.508740491463866
040 030 9.532146097469473
040 031 9.526087358011669
040 032 9.542460004768785
040 033 9.542725456234168
040 034 9.552101962757767
040 035 9.544198837718435
040 036 9.560908941320076
040 037 9.555806221023346
040 038 9.55732966392305
040 039 9.541822879407787
040 040 9.539599296761812
040 041 9.525778678972795
040 042 9.526810333310312
040 043 9.528540993783595
040 044 9.533899963940325
040 045 9.53057930171737
040 046 9.54945224948326
040 047 9.555613033255272
040 048 9.574046501660483
040 049 9.57441544268131
040 050 9.59144354618855
040 051 9.599837910410146
040 052 9.616253943976986
040 053 9.618818114820229
040 054 9.631850047604656
040 055 9.635947148160023
040 056 9.64732772644864
040 057 9.636937204609495
040 058 9.643743656894372
040 059 9.628895422895638
040 060 9.630133104191042
040 061 9.620136814057517
040 062 9.613536122080525
040 063 9.597474852252159
040 064 9.596615418776826
040 065 9.584134240352125
040 066 9.588298641628763
040 067 9.577402910458533
040 068 9.569411477905673
040 069 9.553846149105434
040 070 9.548555009360312
040 071 9.534494466767528
040 072 9.525644818073863
041 000 9.245097237209475
041 001 9.252822742773631
041 002 9.266522933627904
041 003 9.27114024830578
041 004 9.286854098948373
041 005 9.282539756816428
041 006 9.287361093680914
041 007 9.28820213803861
041 008 9.288754640132504
041 009 9.282922113782583
041 010 9.290581972290116
041 011 9.28737069949133
041 012 9.289572232710809
041 013 9.297640637700432
041 014 9.314822615189772
041 015 9.338875163405028
041 016 9.376690304654177
041 017 9.389179942747203
041 018 9.403208711840856
041 019 9.402061385922078
041 020 9.400271746624108
041 021 9.385069184649193
041 022 9.375824917378418
041 023 9.362066908542594
041 024 9.364445991514877
041 025 9.365725764804527
041 026 9.38117447501009
041 027 9.387000457084469
041 028 9.409614750711944
041 029 9.42044495794325
041 030 9.439782959917924
041 031 9.446348067307525
041 032 9.463189487382854
041 033 9.472845913464635
041 034 9.492428273963323
041 035 9.504840752211814
041 036 9.518088788382196
041 037 9.516812035287657
041 038 9.519178385116248
041 039 9.5098385454046
041 040 9.503802994938928
041 041 9.493812658203915
041 042 9.489668594584918
041 043 9.48827533052246
041 044 9.490471040659115
041 045 9.490650779577102
041 046 9.502042425368467
041 047 9.505733793923877
041 048 9.519219926800663
041 049 9.522051876183788
041 050 9.531349888113247
041 051 9.535996624684646
041 052 9.551180629611816
041 053 9.557393102542411
041 054 9.57369259699791
041 055 9.574150964211086
041 056 9.587933169277449
041 057 9.579646394711999
041 058 9.581591513689604
041 059 9.577646592016922
041 060 9.584709197328069
041 061 9.580392239700291
041 062 9.581826214034178
041 063 9.574684590399848
041 064 9.572009927054403
041 065 9.563966849058694
041 066 9.559635398690833
041 067 9.5473804545905
041 068 9.539931077300718
041 069 9.53121893310769
041 070 9.523319734925838
041 071 9.510109283203048
041 072 9.50123333721921
042 000 9.195337554120425
042 001 9.19982689073401
042 002 9.19576206061752
042 003 9.204158532761456
042 004 9.214818099022425
042 005 9.235987827269224
042 006 9.234713401775101
042 007 9.253836251951247
042 008 9.24149938260125
042 009 9.239814776980046
042 010 9.234212612076359
042 011 9.242984922501718
042 012 9.245554406197925
042 013 9.25762299920408
042 014 9.260867768711412
042 015 9.272051437026446
042 016 9.291171235603334
042 017 9.30383000987107
042 018 9.317238489138955
042 019 9.320901239272093
042 020 9.329737618990505
042 021 9.319323419926349
042 022 9.317735482178124
042 023 9.301777282403846
042 024 9.307783452192165
042 025 9.303676593026342
042 026 9.312824028422927
042 027 9.32030083776029
042 028 9.33950063924871
042 029 9.350950333634925
042 030 9.367302198524207
042 031 9.379978197139812
042 032 9.395328425549478
042 033 9.417303909974668
042 034 9.435076719389937
042 035 9.454986392814387
042 036 9.461411920936758
042 037 9.475616486888677
042 038 9.47224844850907
042 039 9.478707365487425
042 040 9.463014665450164
042 041 9.460738473369453
042 042 9.453879147405985
042 043 9.460781456698593
042 044 9.459194516759966
042 045 9.464781053071361
042 046 9.464470160934827
042 047 9.469457905136577
042 048 9.474154614330795
042 049 9.481460668635998
042 050 9.48785162247447
042 051 9.49343374645512
042 052 9.505869659977531
042 053 9.514058148455419
042 054 9.528198203213421
042 055 9.52855478850352
042 056 9.54124594196414
042 057 9.532798266540984
042 058 9.537315946562908
042 059 9.537736384502796
042 060 9.547263010328301
042 061 9.546020345368532
042 062 9.548378601148478
042 063 9.54554773576165
042 064 9.5426207778088
042 065 9.538880366960202
042 066 9.534557587233149
042 067 9.530640508381676
042 068 9.52273852483173
042 069 9.519260594441272
042 070 9.502150758588126
042 071 9.495277169089931
042 072 9.48053929345074
043 000 9.130258213373779
043 001 9.140102830121133
043 002 9.14268198580857
043 003 9.14915903535476
043 004 9.139652244938551
043 005 9.153381928733994
043 006 9.157484211705002
043 007 9.176370022724484
043 008 9.174242894590323
043 009 9.191641671856368
043 010 9.188054789949001
043 011 9.191088581291364
043 012 9.192237246167943
043 013 9.207700761366082
043 014 9.21777700686567
043 015 9.235436015373336
043 016 9.243266629845886
043 017 9.246135638098698
043 018 9.255567774267238
043 019 9.253304733766164
043 020 9.258486873301033
043 021 9.25095782673358
043 022 9.257045565728514
043 023 9.252163836719062
043 024 9.263974566344187
043 025 9.259320741254749
043 026 9.267824037232575
043 027 9.263483920978032
043 028 9.268839826187737
043 029 9.274608335517451
043 030 9.291509900752713
043 031 9.308825444333506
043 032 9.328786409243806
043 033 9.350086759799229
043 034 9.37092822588196
043 035 9.394938637486844
043 036 9.409418451367108
043 037 9.427680511109141
043 038 9.4279291279332
043 039 9.439822826159421
043 040 9.425734456611336
043 041 9.423757928175627
043 042 9.41731715373006
043 043 9.426176183953974
043 044 9.42549998485569
043 045 9.433362429630149
043 046 9.437311902525563
043 047 9.443736689252427
043 048 9.446834655690191
043 049 9.450779780096289
043 050 9.45688209855391
043 051 9.461573780585042
043 052 9.470479776786098
043 053 9.473576198493076
043 054 9.485658148327495
043 055 9.485766658839625
043 056 9.495468681297405
043 057 9.490961140834463
043 058 9.498289943546858
043 059 9.500096733539925
043 060 9.509321556598334
043 061 9.508620313093429
043 062 9.513188682934796
043 063 9.514007777737257
043 064 9.516504610924335
043 065 9.515790182571465
043 066 9.513216395177814
043 067 9.513655250777992
043 068 9.507799687158574
043 069 9.507307264297445
043 070 9.492663862517476
043 071 9.487623415036936
043 072 9.475414395171917
044 000 8.959943080031293
044 001 8.956566342669166
044 002 8.971956710999924
044 003 8.996452709548272
044 004 9.017221627855747
044 005 9.046908790886684
044 006 9.054913007021938
044 007 9.078866619549796
044 008 9.084144881183457
044 009 9.104294396611149
044 010 9.111720421414809
044 011 9.130258941841074
044 012 9.134917510165032
044 013 9.14833770336763
044 014 9.154594282021263
044 015 9.163202967277078
044 016 9.168392843352375
044 017 9.172587467010061
044 018 9.182774785914704
044 019 9.189006329983801
044 020 9.199947332299017
044 021 9.197949383785106
044 022 9.208408461133557
044 023 9.205255173170256
044 024 9.216026923206899
044 025 9.209094029720916
044 026 9.218376570660842
044 027 9.211746989763979
044 028 9.212956994710256
044 029 9.215622491248048
044 030 9.230641869858644
044 031 9.242451482572255
044 032 9.259587009093318
044 033 9.276247562410276
044 034 9.289985957316516
044 035 9.308465267739543
044 036 9.322430444906116
044 037 9.343778000706184
044 038 9.349614965923081
044 039 9.366475509718574
044 040 9.368514685822943
044 041 9.383747212413812
044 042 9.379581318961835
044 043 9.387955420797205
044 044 9.387563372585582
044 045 9.395740792940448
044 046 9.40050015749486
044 047 9.410425683204503
044 048 9.416049686087378
044 049 9.41875185160144
044 050 9.424936280196327
044 051 9.43043707084431
044 052 9.439515755831478
044 053 9.440106182299209
044 054 9.44724108914736
044 055 9.438766745641146
044 056 9.444656537452891
044 057 9.442675596733984
044 058 9.452386516929113
044 059 9.455333645868846
044 060 9.465986904956429
044 061 9.467221253983924
044 062 9.472415551393834
044 063 9.4713239416444
044 064 9.469797945365068
044 065 9.470914994673397
044 066 9.473207449487619
044 067 9.479898814447985
044 068 9.484201716995903
044 069 9.492409505787874
044 070 9.48415100529774
044 071 9.485353972597434
044 072 9.470901307685823
045 000 8.827551184575016
045 001 8.836126429339416
045 002 8.871855337091057
045 003 8.905637606941248
045 004 8.913469977244127
045 005 8.936011899454556
045 006 8.95629271367885
045 007 8.991700520275367
045 008 8.996441250646727
045 009 9.014806408793305
045 010 9.015844927473426
045 011 9.027056890096583
045 012 9.03838859181795
045 013 9.062108803698393
045 014 9.070246336001626
045 015 9.08653886943233
045 016 9.099849816165943
045 017 9.110293823033553
045 018 9.116493966402134
045 019 9.11675764708725
045 020 9.125166102928796
045 021 9.124407657434359
045 022 9.134045298483318
045 023 9.13520497584147
045 024 9.151212143654229
045 025 9.146582247828945
045 026 9.15465523645837
045 027 9.144087120663963
045 028 9.141949646645486
045 029 9.140319176890285
045 030 9.149003727510967
045 031 9.160079778146157
045 032 9.178115586410852
045 033 9.1990756114284
045 034 9.219708170314892
045 035 9.23855063229231
045 036 9.252066178987057
045 037 9.273520503331175
045 038 9.28068944490764
045 039 9.30045858297271
045 040 9.303797131158483
045 041 9.320026413276466
045 042 9.318084632281192
045 043 9.327382221289827
045 044 9.327326159453756
045 045 9.33535541849393
045 046 9.337500137659523
045 047 9.34586365918782
045 048 9.354321220799116
045 049 9.364052064714597
045 050 9.376141432170593
045 051 9.385726768261975
045 052 9.397703230824954
045 053 9.39406919348785
045 054 9.398684204751703
045 055 9.387851140100361
045 056 9.388806493608207
045 057 9.3819734846323
045 058 9.389805503151072
045 059 9.39666120308573
045 060 9.413455077285732
045 061 9.421332456739531
045 062 9.433363262715428
045 063 9.436039297670204
045 064 9.436973664384139
045 065 9.439382021330633
045 066 9.438233278530786
045 067 9.441180372285611
045 068 9.440977528232102
045 069 9.450330245130395
045 070 9.44486282933384
045 071 9.448875058063551
045 072 9.446560746823344
046 000 8.88409208692071
046 001 8.97973798816353
046 002 9.05345901460726
046 003 8.962762240280393
046 004 8.913336829315384
046 005 8.862831038493807
046 006 8.820413244289785
046 007 8.84847241295786
046 008 8.890960139268527
046 009 8.904822645946245
046 010 8.917330423660438
046 011 8.927869588578474
046 012 8.934107900911172
046 013 8.955981294057922
046 014 8.961488610081068
046 015 8.979859732797028
046 016 8.994335178459979
046 017 9.019765187392416
046 018 9.025848827292684
046 019 9.035830161630793
046 020 9.040015469764192
046 021 9.043351759160426
046 022 9.05180022238434
046 023 9.056637085672817
046 024 9.073031905689383
046 025 9.066898246804145
046 026 9.075627769803198
046 027 9.070678083217668
046 028 9.07703894935888
046 029 9.07966273749975
046 030 9.087789062728461
046 031 9.101441809921159
046 032 9.119394194620792
046 033 9.148342459070358
046 034 9.163574458140927
046 035 9.190035752121297
046 036 9.19656690373457
046 037 9.209373578616239
046 038 9.21651023106236
046 039 9.2276345312417
046 040 9.239508361572616
046 041 9.244684620299395
046 042 9.256295356741738
046 043 9.258515848790566
046 044 9.27041559874349
046 045 9.274433859643345
046 046 9.287102377663555
046 047 9.289202729386991
046 048 9.29865254422174
046 049 9.309031266250521
046 050 9.324980771529647
046 051 9.33997391283229
046 052 9.34057294312402
046 053 9.347699650869403
046 054 9.342782930565095
046 055 9.345860675265138
046 056 9.340097806415361
046 057 9.343176939910505
046 058 9.347363981934585
046 059 9.357984177326422
046 060 9.368742554953728
046 061 9.372953862273732
046 062 9.387137544666542
046 063 9.385380578232446
046 064 9.39228297012592
046 065 9.387794150991999
046 066 9.393003565273828
046 067 9.397524243966776
046 068 9.408914187129742
046 069 9.416229526009566
046 070 9.423165440159563
046 071 9.427717771071165
046 072 9.420816132716702
047 000 8.89154669228471
047 001 8.946789904747984
047 002 8.968348965904685
047 003 8.879144606947461
047 004 8.805883784326499
047 005 8.748352851300451
047 006 8.726327958569653
047 007 8.744265780307353
047 008 8.781770713043752
047 009 8.799831661527655
047 010 8.808782707569739
047 011 8.82816773763872
047 012 8.849274176512855
047 013 8.866662871869458
047 014 8.868096797990738
047 015 8.886446829747142
047 016 8.893528697417779
047 017 8.912792225004695
047 018 8.91879231111494
047 019 8.927808311024204
047 020 8.937904068614204
047 021 8.944451478823368
047 022 8.953145937165353
047 023 8.958340564095725
047 024 8.979781628449901
047 025 8.980581638306754
047 026 8.990871542541786
047 027 8.991445724097327
047 028 9.007850413108741
047 029 9.023938194674514
047 030 9.03997480001188
047 031 9.05415329760574
047 032 9.066908481066742
047 033 9.090985453372507
047 034 9.099203320682891
047 035 9.12232018471942
047 036 9.124252952898779
047 037 9.131691130696268
047 038 9.132299036120767
047 039 9.139232187136493
047 040 9.151290300050064
047 041 9.158820375016447
047 042 9.1748343842923
047 043 9.182881062890957
047 044 9.201045806418751
047 045 9.203898282045472
047 046 9.218802394524195
047 047 9.224768263059682
047 048 9.235187750978971
047 049 9.244993933339188
047 050 9.255234878578348
047 051 9.267468777762211
047 052 9.275492998461367
047 053 9.28973798819975
047 054 9.289960590150406
047 055 9.303649672423212
047 056 9.298442438230175
047 057 9.302065485557504
047 058 9.307345062289436
047 059 9.317226546218532
047 060 9.326011893867136
047 061 9.32964195444285
047 062 9.33836054173113
047 063 9.33720484301476
047 064 9.349478350294818
047 065 9.346687303169112
047 066 9.354704421043024
047 067 9.362603866040457
047 068 9.368391035897842
047 069 9.37202535094948
047 070 9.375203675525142
047 071 9.383706537664203
047 072 9.376837060149022
048 000 8.76945780263174
048 001 8.770507487129283
048 002 8.8019597364276
048 003 8.784308519284345
048 004 8.713186986146717
048 005 8.675669237811944
048 006 8.694932273230567
048 007 8.719115265113112
048 008 8.743362465722607
048 009 8.755826543151647
048 010 8.761785312239258
048 011 8.77997637045597
048 012 8.796169134144316
048 013 8.821325368036137
048 014 8.819222902414477
048 015 8.826945352242609
048 016 8.830326261398724
048 017 8.842729816469742
048 018 8.849357208967698
048 019 8.85238945055542
048 020 8.858170473368991
048 021 8.857665944511377
048 022 8.86728312238101
048 023 8.870344028542076
048 024 8.88334827855169
048 025 8.88551140792436
048 026 8.901244128474314
048 027 8.913540420930934
048 028 8.931538318851382
048 029 8.953927591873194
048 030 8.971079405256809
048 031 8.995414437914736
048 032 9.007677697503064
048 033 9.022733777190606
048 034 9.031168161915998
048 035 9.042603460054309
048 036 9.04699407437571
048 037 9.053201727690574
048 038 9.059304785983175
048 039 9.060086662456735
048 040 9.067087389435994
048 041 9.073207469493349
048 042 9.088611312224485
048 043 9.100097598196976
048 044 9.121808076770137
048 045 9.136662773709903
048 046 9.151219781000595
048 047 9.165199746160274
048 048 9.174472300318069
048 049 9.18561808005258
048 050 9.194561064154238
048 051 9.209489291598949
048 052 9.21453990820737
048 053 9.22546639633574
048 054 9.235112253061526
048 055 9.248951607789355
048 056 9.256967582281092
048 057 9.261130188289656
048 058 9.270972618843492
048 059 9.27824782158331
048 060 9.286990982957382
048 061 9.293559964902931
048 062 9.297623214409331
048 063 9.30162584739233
048 064 9.298811932498678
048 065 9.298780988691137
048 066 9.300594729884066
048 067 9.305591912898413
048 068 9.309301511200792
048 069 9.31683171291439
048 070 9.319981242510904
048 071 9.322802744107815
048 072 9.320253289091264
049 000 8.743057176862994
049 001 8.735314366868376
049 002 8.730030392388855
049 003 8.707954613246624
049 004 8.717589127431552
049 005 8.698225528337838
049 006 8.712201157613812
049 007 8.722268713722364
049 008 8.733167166168322
049 009 8.743771480913784
049 010 8.755120475632054
049 011 8.769599013506673
049 012 8.78012618407763
049 013 8.802829786447417
049 014 8.799247086782506
049 015 8.805182206963014
049 016 8.805009878653829
049 017 8.8113168491689
049 018 8.812066890479974
049 019 8.807710743379156
049 020 8.809049617609512
049 021 8.802241412400123
049 022 8.812697581396334
049 023 8.806383474296856
049 024 8.813743594957861
049 025 8.818416932654051
049 026 8.831013006940756
049 027 8.845153615795942
049 028 8.860511161931475
049 029 8.88349010443961
049 030 8.901254952244862
049 031 8.930486253534296
049 032 8.9409289255097
049 033 8.960605757518865
049 034 8.96867657835517
049 035 8.98049538928485
049 036 8.988533155261148
049 037 8.995018198264336
049 038 9.00593965121116
049 039 9.00341210665379
049 040 9.01923913672574
049 041 9.021395360120827
049 042 9.035584722722263
049 043 9.049290818468963
049 044 9.065788906976072
049 045 9.077383956677831
049 046 9.091376826688352
049 047 9.110465623814058
049 048 9.11664808237275
049 049 9.130135876588728
049 050 9.139049620775458
049 051 9.155412105156266
049 052 9.162533235062421
049 053 9.174952692282126
049 054 9.184762027728716
049 055 9.194990482485904
049 056 9.211141403357383
049 057 9.217370068714787
049 058 9.231056118167263
049 059 9.22493671233056
049 060 9.23520897478492
049 061 9.235276072581756
049 062 9.24045670603773
049 063 9.244419219454212
049 064 9.24359875000238
049 065 9.247590060226326
049 066 9.247138976897942
049 067 9.254363367013912
049 068 9.245979342819139
049 069 9.255089391629038
049 070 9.256083635985089
049 071 9.256748405940549
049 072 9.253199969082116
050 000 8.74865753852164
050 001 8.743267298076344
050 002 8.75299557549795
050 003 8.745356277465461
050 004 8.751610818023098
050 005 8.728600809392141
050 006 8.728484524884463
050 007 8.731718752852325
050 008 8.730300358895386
050 009 8.735511824955413
050 010 8.746833180764378
050 011 8.757933480654147
050 012 8.760976683324634
050 013 8.78031969704167
050 014 8.774837366645894
050 015 8.784627562153627
050 016 8.788534816647795
050 017 8.793320324085567
050 018 8.793139846272531
050 019 8.786941156336201
050 020 8.786920835284306
050 021 8.777116187612894
050 022 8.783172491084121
050 023 8.77458477770262
050 024 8.77806638895671
050 025 8.776490048995075
050 026 8.78666128919193
050 027 8.797386583146226
050 028 8.809881176067421
050 029 8.828578337825906
050 030 8.840584995410104
050 031 8.869035095346177
050 032 8.882687828826334
050 033 8.906283108369067
050 034 8.919866061233842
050 035 8.935001096447488
050 036 8.947057319365697
050 037 8.955220825641222
050 038 8.969050809786593
050 039 8.972438221337665
050 040 8.991282038315653
050 041 8.996624178116075
050 042 9.016124601868318
050 043 9.02367503784434
050 044 9.033922067043388
050 045 9.045528033442364
050 046 9.058069543986022
050 047 9.071621644507614
050 048 9.077404702762179
050 049 9.093241570745615
050 050 9.101066245507688
050 051 9.114793790243182
050 052 9.120483425392443
050 053 9.131279388824675
050 054 9.139909190666073
050 055 9.146227154833378
050 056 9.154912455315477
050 057 9.15714098763233
050 058 9.172025292754661
050 059 9.16830210116318
050 060 9.175099814576575
050 061 9.172849314949548
050 062 9.180758743505974
050 063 9.186331094304078
050 064 9.188776883977248
050 065 9.19648950896841
050 066 9.19489193881525
050 067 9.204547831297315
050 068 9.198286614335002
050 069 9.201756767786927
050 070 9.194513500057763
050 071 9.189575850306772
050 072 9.184966299570055
