-60.7500 45.4167
-60.6667 46.0000
-60.6667 45.9167
-60.6667 45.8333
-60.6667 45.7500
-60.6667 45.6667
-60.6667 45.5833
-54.9167 36.1667
-54.8333 36.2500
-54.8333 36.1667
-54.8333 36.0833
-54.8333 36.0000
-54.7500 36.3333
-54.7500 36.2500
-54.7500 36.1667
-54.7500 36.0833
-54.6667 36.4167
-54.6667 36.3333
-54.6667 36.2500
-54.6667 36.1667
-54.6667 36.0833
-54.5833 36.5000
-54.5833 36.4167
-54.5833 36.3333
-54.5833 36.2500
-54.5000 36.7500
-54.5000 36.6667
-54.5000 36.5833
-54.5000 36.5000
-54.5000 36.4167
-54.4167 37.0000
-54.4167 36.9167
-54.4167 36.8333
-54.4167 36.7500
-54.4167 36.6667
-54.4167 36.5833
-54.4167 36.5000
-54.3333 37.3333
-54.3333 37.1667
-54.3333 37.0833
-54.3333 37.0000
-54.3333 36.9167
-54.2500 37.2500
-54.2500 37.1667
-54.2500 37.0833
-54.2500 37.0000
-54.2500 36.9167
-54.2500 36.8333
-54.2500 36.7500
-54.1667 37.6667
-54.1667 37.5833
-54.1667 37.5000
-54.1667 37.4167
-54.1667 37.3333
-54.1667 37.2500
-54.1667 37.1667
-54.1667 37.0833
-54.0833 37.9167
