-54.9167 323.8333
-54.8333 323.7500
-54.8333 323.8333
-54.8333 323.9167
-54.8333 324.0000
-54.7500 323.6667
-54.7500 323.7500
-54.7500 323.8333
-54.7500 323.9167
-54.6667 323.5833
-54.6667 323.6667
-54.6667 323.7500
-54.6667 323.8333
-54.6667 323.9167
-54.5833 323.5000
-54.5833 323.5833
-54.5833 323.6667
-54.5833 323.7500
-54.5000 323.2500
-54.5000 323.3333
-54.5000 323.4167
-54.5000 323.5000
-54.5000 323.5833
-54.4167 323.0000
-54.4167 323.0833
-54.4167 323.1667
-54.4167 323.2500
-54.4167 323.3333
-54.4167 323.4167
-54.4167 323.5000
-54.3333 322.6667
-54.3333 322.8333
-54.3333 322.9167
-54.3333 323.0000
-54.3333 323.0833
-54.2500 322.7500
-54.2500 322.8333
-54.2500 322.9167
-54.2500 323.0000
-54.2500 323.0833
-54.2500 323.1667
-54.2500 323.2500
-54.1667 322.3333
-54.1667 322.4167
-54.1667 322.5000
-54.1667 322.5833
-54.1667 322.6667
-54.1667 322.7500
-54.1667 322.8333
-54.1667 322.9167
-54.0833 322.0833
